Using Equatorial Coordinates

       Target

Checked interval [2020-01-01, 2023-12-31]
|           Window [days]                 |    Normal V3 PA [deg]    |            RA             |            Dec            |
   Start           End         Duration         Start         End        Start          End          Start          End     
 2020-06-06      2020-07-28        52.00     246.73676     248.06205     351.80577     351.56779      -4.69045      -4.83493 
 2020-10-26      2020-12-15        50.00      66.03060      67.05312     349.54457     349.33852      -5.70117      -5.76978 
 2021-06-08      2021-07-30        52.00     246.63603     247.95918     353.87218     353.64797      -3.86444      -4.00368 
 2021-10-29      2021-12-17        49.00      65.83472      66.87522     351.61506     351.41172      -4.88114      -4.94847 
 2022-06-11      2022-08-02        52.00     246.58941     247.91539     355.94560     355.70993      -3.02967      -3.17358 
 2022-10-31      2022-12-19        49.08      65.62862      66.73427     353.69821     353.48139      -4.04770      -4.11992 
 2023-06-13      2023-08-04        52.00     246.54970     247.85574     358.00857     357.78648      -2.19300      -2.33091 
 2023-11-03      2023-12-22        49.00      65.48464      66.64993     355.76167     355.55551      -3.21554      -3.28141 


                                V3PA          NIRCam           NIRSpec         NIRISS           MIRI          FGS
   Date      RA     Dec      min    max      min    max       min    max     min    max      min    max      min    max

2020-06-07   351.81  -4.69   242.87 250.61   242.85 250.58    20.36  28.09   242.30 250.04   247.89 255.62   241.62 249.35
2020-06-08   351.81  -4.69   242.30 251.22   242.27 251.19    19.79  28.71   241.73 250.65   247.31 256.24   241.05 249.97
2020-06-09   351.82  -4.69   241.72 251.84   241.70 251.81    19.21  29.32   241.15 251.27   246.74 256.85   240.47 250.59
2020-06-10   351.83  -4.68   241.70 251.90   241.67 251.88    19.19  29.39   241.13 251.33   246.71 256.92   240.45 250.65
2020-06-11   351.84  -4.68   241.72 251.92   241.69 251.90    19.21  29.41   241.15 251.35   246.74 256.94   240.47 250.67
2020-06-12   351.84  -4.68   241.74 251.94   241.72 251.92    19.23  29.43   241.17 251.37   246.76 256.96   240.49 250.69
2020-06-13   351.85  -4.68   241.76 251.96   241.73 251.94    19.25  29.45   241.19 251.39   246.78 256.98   240.51 250.71
2020-06-14   351.85  -4.68   241.78 251.99   241.75 251.96    19.27  29.47   241.21 251.42   246.79 257.00   240.53 250.74
2020-06-15   351.86  -4.68   241.80 252.01   241.77 251.99    19.28  29.50   241.23 251.44   246.81 257.03   240.55 250.76
2020-06-16   351.86  -4.68   241.81 252.04   241.79 252.01    19.30  29.53   241.24 251.47   246.83 257.05   240.56 250.79
2020-06-17   351.86  -4.67   241.83 252.07   241.80 252.04    19.31  29.55   241.26 251.50   246.84 257.08   240.58 250.82
2020-06-18   351.87  -4.67   241.84 252.10   241.81 252.07    19.33  29.58   241.27 251.53   246.85 257.11   240.59 250.84
2020-06-19   351.87  -4.67   241.85 252.13   241.82 252.10    19.34  29.61   241.28 251.56   246.87 257.14   240.60 250.88
2020-06-20   351.87  -4.67   241.86 252.16   241.83 252.13    19.35  29.65   241.29 251.59   246.88 257.17   240.61 250.91
2020-06-21   351.87  -4.67   241.87 252.19   241.84 252.17    19.36  29.68   241.30 251.62   246.88 257.21   240.62 250.94
2020-06-22   351.87  -4.68   241.88 252.23   241.85 252.20    19.36  29.72   241.31 251.66   246.89 257.24   240.63 250.98
2020-06-23   351.88  -4.68   241.88 252.27   241.86 252.24    19.37  29.75   241.31 251.70   246.90 257.28   240.63 251.02
2020-06-24   351.88  -4.68   241.89 252.31   241.86 252.28    19.37  29.79   241.32 251.74   246.90 257.32   240.64 251.06
2020-06-25   351.87  -4.68   241.89 252.35   241.86 252.32    19.38  29.83   241.32 251.78   246.90 257.36   240.64 251.10
2020-06-26   351.87  -4.68   241.89 252.39   241.86 252.36    19.38  29.88   241.32 251.82   246.91 257.41   240.64 251.14
2020-06-27   351.87  -4.68   241.89 252.43   241.86 252.41    19.38  29.92   241.32 251.86   246.91 257.45   240.64 251.18
2020-06-28   351.87  -4.68   241.89 252.48   241.86 252.45    19.38  29.97   241.32 251.91   246.90 257.50   240.64 251.23
2020-06-29   351.87  -4.68   241.89 252.53   241.86 252.50    19.37  30.02   241.32 251.96   246.90 257.55   240.64 251.28
2020-06-30   351.86  -4.69   241.88 252.58   241.85 252.55    19.37  30.07   241.31 252.01   246.90 257.60   240.63 251.33
2020-07-01   351.86  -4.69   241.88 252.63   241.85 252.61    19.36  30.12   241.31 252.06   246.89 257.65   240.62 251.38
2020-07-02   351.86  -4.69   241.87 252.69   241.84 252.66    19.35  30.18   241.30 252.12   246.88 257.70   240.62 251.44
2020-07-03   351.85  -4.69   241.86 252.74   241.83 252.72    19.34  30.23   241.29 252.17   246.87 257.76   240.61 251.49
2020-07-04   351.85  -4.70   241.85 252.80   241.82 252.78    19.33  30.29   241.28 252.23   246.86 257.82   240.59 251.55
2020-07-05   351.84  -4.70   241.83 252.87   241.81 252.84    19.32  30.35   241.26 252.30   246.85 257.88   240.58 251.62
2020-07-06   351.84  -4.70   241.82 252.93   241.79 252.90    19.30  30.42   241.25 252.36   246.83 257.95   240.57 251.68
2020-07-07   351.83  -4.71   241.80 253.00   241.77 252.97    19.29  30.48   241.23 252.43   246.82 258.01   240.55 251.75
2020-07-08   351.82  -4.71   241.78 253.07   241.75 253.04    19.27  30.55   241.21 252.50   246.80 258.08   240.53 251.81
2020-07-09   351.81  -4.72   241.76 253.14   241.73 253.11    19.25  30.62   241.19 252.57   246.77 258.15   240.51 251.89
2020-07-10   351.81  -4.72   241.74 253.21   241.71 253.19    19.22  30.70   241.17 252.64   246.75 258.23   240.49 251.96
2020-07-11   351.80  -4.72   241.71 253.29   241.68 253.26    19.20  30.78   241.14 252.72   246.73 258.30   240.46 252.04
2020-07-12   351.79  -4.73   241.68 253.37   241.66 253.34    19.17  30.86   241.11 252.80   246.70 258.39   240.43 252.12
2020-07-13   351.78  -4.73   241.65 253.45   241.63 253.43    19.14  30.94   241.08 252.88   246.67 258.47   240.40 252.20
2020-07-14   351.77  -4.74   241.62 253.54   241.59 253.52    19.11  31.03   241.05 252.97   246.64 258.56   240.37 252.29
2020-07-15   351.76  -4.74   241.58 253.63   241.56 253.61    19.07  31.12   241.01 253.06   246.60 258.65   240.33 252.38
2020-07-16   351.75  -4.75   241.55 253.73   241.52 253.70    19.03  31.21   240.98 253.16   246.56 258.74   240.30 252.48
2020-07-17   351.74  -4.75   241.51 253.83   241.48 253.80    18.99  31.31   240.94 253.26   246.52 258.84   240.25 252.57
2020-07-18   351.73  -4.76   241.46 253.93   241.44 253.90    18.95  31.41   240.89 253.36   246.48 258.94   240.21 252.68
2020-07-19   351.71  -4.77   241.42 254.03   241.39 254.01    18.90  31.52   240.85 253.46   246.43 259.05   240.16 252.78
2020-07-20   351.70  -4.77   241.37 254.14   241.34 254.12    18.85  31.63   240.80 253.57   246.38 259.16   240.11 252.89
2020-07-21   351.69  -4.78   241.31 254.26   241.29 254.23    18.80  31.75   240.74 253.69   246.33 259.28   240.06 253.01
2020-07-22   351.67  -4.79   241.25 254.38   241.23 254.35    18.74  31.87   240.68 253.81   246.27 259.40   240.00 253.13
2020-07-23   351.66  -4.79   241.19 254.51   241.17 254.48    18.68  31.99   240.62 253.94   246.21 259.52   239.94 253.26
2020-07-24   351.65  -4.80   241.13 254.64   241.10 254.61    18.62  32.13   240.56 254.07   246.14 259.65   239.88 253.39
2020-07-25   351.63  -4.81   241.06 254.78   241.03 254.75    18.55  32.26   240.49 254.21   246.08 259.79   239.81 253.53
2020-07-26   351.62  -4.81   240.99 254.92   240.96 254.89    18.47  32.41   240.42 254.35   246.00 259.94   239.74 253.67
2020-07-27   351.60  -4.82   240.91 255.07   240.88 255.04    18.40  32.56   240.34 254.50   245.92 260.09   239.66 253.82
2020-07-28   351.58  -4.83   240.83 255.23   240.80 255.20    18.31  32.72   240.26 254.66   245.84 260.24   239.58 253.98

2020-10-27   349.54  -5.70    58.87  73.19    58.85  73.17   196.36 210.68    58.30  72.62    63.89  78.21    57.62  71.94
2020-10-28   349.53  -5.71    59.03  73.11    59.00  73.08   196.52 210.60    58.46  72.54    64.04  78.12    57.78  71.86
2020-10-29   349.51  -5.71    59.18  73.03    59.15  73.00   196.66 210.51    58.61  72.46    64.19  78.04    57.93  71.78
2020-10-30   349.50  -5.72    59.32  72.95    59.29  72.92   196.81 210.44    58.75  72.38    64.33  77.96    58.07  71.70
2020-10-31   349.48  -5.73    59.45  72.88    59.43  72.85   196.94 210.36    58.88  72.31    64.47  77.89    58.20  71.63
2020-11-01   349.47  -5.73    59.58  72.81    59.55  72.78   197.07 210.30    59.01  72.24    64.60  77.82    58.33  71.56
2020-11-02   349.46  -5.74    59.70  72.74    59.68  72.72   197.19 210.23    59.13  72.17    64.72  77.76    58.45  71.49
2020-11-03   349.44  -5.74    59.82  72.68    59.80  72.66   197.31 210.17    59.25  72.11    64.84  77.70    58.57  71.43
2020-11-04   349.43  -5.75    59.93  72.62    59.91  72.60   197.42 210.11    59.36  72.05    64.95  77.64    58.68  71.37
2020-11-05   349.42  -5.75    60.04  72.57    60.01  72.54   197.53 210.06    59.47  72.00    65.06  77.59    58.79  71.32
2020-11-06   349.41  -5.76    60.14  72.52    60.12  72.49   197.63 210.01    59.57  71.95    65.16  77.53    58.89  71.27
2020-11-07   349.39  -5.76    60.24  72.47    60.22  72.44   197.73 209.96    59.67  71.90    65.26  77.49    58.99  71.22
2020-11-08   349.38  -5.77    60.34  72.43    60.31  72.40   197.82 209.91    59.77  71.86    65.35  77.44    59.09  71.18
2020-11-09   349.37  -5.77    60.43  72.38    60.40  72.36   197.91 209.87    59.86  71.81    65.44  77.40    59.18  71.13
2020-11-10   349.36  -5.77    60.51  72.34    60.49  72.32   198.00 209.83    59.94  71.77    65.53  77.36    59.26  71.09
2020-11-11   349.35  -5.78    60.59  72.31    60.57  72.28   198.08 209.79    60.02  71.74    65.61  77.32    59.34  71.06
2020-11-12   349.34  -5.78    60.67  72.27    60.65  72.25   198.16 209.76    60.10  71.70    65.69  77.29    59.42  71.02
2020-11-13   349.33  -5.78    60.75  72.24    60.72  72.21   198.24 209.73    60.18  71.67    65.76  77.26    59.50  70.99
2020-11-14   349.33  -5.79    60.82  72.21    60.80  72.18   198.31 209.70    60.25  71.64    65.84  77.23    59.57  70.96
2020-11-15   349.32  -5.79    60.89  72.18    60.86  72.16   198.38 209.67    60.32  71.61    65.91  77.20    59.64  70.93
2020-11-16   349.31  -5.79    60.96  72.16    60.93  72.13   198.44 209.64    60.39  71.59    65.97  77.17    59.71  70.91
2020-11-17   349.30  -5.80    61.02  72.13    60.99  72.11   198.51 209.62    60.45  71.56    66.04  77.15    59.77  70.88
2020-11-18   349.30  -5.80    61.08  72.11    61.06  72.08   198.57 209.60    60.51  71.54    66.10  77.13    59.83  70.86
2020-11-19   349.29  -5.80    61.14  72.09    61.11  72.06   198.63 209.58    60.57  71.52    66.15  77.11    59.89  70.84
2020-11-20   349.29  -5.80    61.20  72.07    61.17  72.05   198.68 209.56    60.63  71.50    66.21  77.09    59.94  70.82
2020-11-21   349.28  -5.80    61.25  72.06    61.22  72.03   198.74 209.54    60.68  71.49    66.26  77.07    60.00  70.81
2020-11-22   349.28  -5.80    61.30  72.04    61.27  72.02   198.79 209.53    60.73  71.47    66.31  77.06    60.05  70.79
2020-11-23   349.27  -5.81    61.35  72.03    61.32  72.00   198.83 209.52    60.78  71.46    66.36  77.05    60.10  70.78
2020-11-24   349.27  -5.81    61.39  72.02    61.37  71.99   198.88 209.51    60.82  71.45    66.41  77.03    60.14  70.77
2020-11-25   349.27  -5.81    61.44  72.01    61.41  71.98   198.92 209.50    60.87  71.44    66.45  77.03    60.19  70.76
2020-11-26   349.27  -5.81    61.48  72.00    61.45  71.98   198.97 209.49    60.91  71.43    66.49  77.02    60.23  70.75
2020-11-27   349.27  -5.81    61.52  72.00    61.49  71.97   199.01 209.48    60.95  71.43    66.53  77.01    60.27  70.75
2020-11-28   349.26  -5.81    61.56  71.99    61.53  71.97   199.04 209.48    60.99  71.42    66.57  77.01    60.31  70.74
2020-11-29   349.26  -5.81    61.59  71.99    61.57  71.96   199.08 209.48    61.02  71.42    66.61  77.01    60.34  70.74
2020-11-30   349.26  -5.81    61.63  71.99    61.60  71.96   199.11 209.48    61.06  71.42    66.64  77.00    60.37  70.74
2020-12-01   349.26  -5.81    61.66  71.99    61.63  71.96   199.14 209.48    61.09  71.42    66.67  77.01    60.41  70.74
2020-12-02   349.27  -5.81    61.69  71.99    61.66  71.97   199.17 209.48    61.12  71.42    66.70  77.01    60.44  70.74
2020-12-03   349.27  -5.80    61.72  72.00    61.69  71.97   199.20 209.48    61.15  71.43    66.73  77.01    60.46  70.74
2020-12-04   349.27  -5.80    61.74  72.00    61.72  71.97   199.23 209.49    61.17  71.43    66.76  77.02    60.49  70.75
2020-12-05   349.27  -5.80    61.77  72.01    61.74  71.98   199.25 209.49    61.20  71.44    66.78  77.02    60.52  70.76
2020-12-06   349.28  -5.80    61.79  72.02    61.76  71.99   199.28 209.50    61.22  71.45    66.80  77.03    60.54  70.76
2020-12-07   349.28  -5.80    61.81  72.03    61.78  72.00   199.30 209.51    61.24  71.46    66.83  77.04    60.56  70.77
2020-12-08   349.28  -5.80    61.83  72.04    61.80  72.01   199.32 209.52    61.26  71.47    66.84  77.05    60.58  70.79
2020-12-09   349.29  -5.79    61.85  72.05    61.82  72.02   199.33 209.54    61.28  71.48    66.86  77.06    60.60  70.80
2020-12-10   349.29  -5.79    61.86  72.06    61.84  72.04   199.35 209.55    61.29  71.49    66.88  77.08    60.61  70.81
2020-12-11   349.30  -5.79    61.88  72.08    61.85  72.05   199.37 209.57    61.31  71.51    66.89  77.09    60.63  70.83
2020-12-12   349.31  -5.78    61.89  72.10    61.86  72.07   199.38 209.58    61.32  71.53    66.91  77.11    60.64  70.85
2020-12-13   349.31  -5.78    62.21  71.81    62.18  71.79   199.69 209.30    61.64  71.24    67.22  76.83    60.95  70.56
2020-12-14   349.32  -5.78    62.85  71.19    62.83  71.17   200.34 208.68    62.28  70.62    67.87  76.21    61.60  69.94
2020-12-15   349.33  -5.77    63.50  70.58    63.48  70.55   200.99 208.06    62.93  70.01    68.52  75.59    62.25  69.32

2021-06-09   353.87  -3.86   243.11 250.17   243.08 250.14    20.59  27.66   242.54 249.60   248.12 255.19   241.85 248.92
2021-06-10   353.88  -3.86   242.53 250.79   242.51 250.76    20.02  28.27   241.96 250.22   247.55 255.80   241.28 249.54
2021-06-11   353.89  -3.86   241.96 251.40   241.93 251.38    19.45  28.89   241.39 250.83   246.97 256.42   240.71 250.15
2021-06-12   353.90  -3.86   241.60 251.81   241.57 251.78    19.09  29.29   241.03 251.24   246.61 256.82   240.35 250.56
2021-06-13   353.90  -3.86   241.62 251.83   241.60 251.80    19.11  29.31   241.05 251.26   246.64 256.84   240.37 250.57
2021-06-14   353.91  -3.85   241.65 251.85   241.62 251.82    19.13  29.33   241.08 251.28   246.66 256.86   240.40 250.60
2021-06-15   353.92  -3.85   241.67 251.87   241.64 251.84    19.15  29.36   241.10 251.30   246.68 256.88   240.42 250.62
2021-06-16   353.92  -3.85   241.69 251.89   241.66 251.86    19.17  29.38   241.12 251.32   246.70 256.91   240.44 250.64
2021-06-17   353.93  -3.85   241.71 251.92   241.68 251.89    19.19  29.40   241.14 251.35   246.72 256.93   240.45 250.67
2021-06-18   353.93  -3.85   241.72 251.94   241.70 251.92    19.21  29.43   241.15 251.37   246.74 256.96   240.47 250.69
2021-06-19   353.93  -3.85   241.74 251.97   241.71 251.94    19.23  29.46   241.17 251.40   246.75 256.99   240.49 250.72
2021-06-20   353.94  -3.85   241.75 252.00   241.73 251.97    19.24  29.49   241.18 251.43   246.77 257.01   240.50 250.75
2021-06-21   353.94  -3.85   241.76 252.03   241.74 252.00    19.25  29.52   241.19 251.46   246.78 257.05   240.51 250.78
2021-06-22   353.94  -3.85   241.78 252.06   241.75 252.04    19.26  29.55   241.21 251.49   246.79 257.08   240.53 250.81
2021-06-23   353.94  -3.85   241.79 252.10   241.76 252.07    19.27  29.58   241.22 251.53   246.80 257.11   240.54 250.85
2021-06-24   353.95  -3.85   241.79 252.13   241.77 252.11    19.28  29.62   241.22 251.56   246.81 257.15   240.54 250.88
2021-06-25   353.95  -3.85   241.80 252.17   241.78 252.14    19.29  29.66   241.23 251.60   246.82 257.18   240.55 250.92
2021-06-26   353.95  -3.85   241.81 252.21   241.78 252.18    19.29  29.70   241.24 251.64   246.82 257.22   240.56 250.96
2021-06-27   353.95  -3.85   241.81 252.25   241.78 252.22    19.30  29.74   241.24 251.68   246.83 257.26   240.56 251.00
2021-06-28   353.95  -3.85   241.81 252.29   241.79 252.26    19.30  29.78   241.24 251.72   246.83 257.31   240.56 251.04
2021-06-29   353.94  -3.85   241.81 252.33   241.79 252.31    19.30  29.82   241.24 251.76   246.83 257.35   240.56 251.08
2021-06-30   353.94  -3.85   241.81 252.38   241.79 252.35    19.30  29.87   241.24 251.81   246.83 257.40   240.56 251.13
2021-07-01   353.94  -3.86   241.81 252.43   241.79 252.40    19.30  29.92   241.24 251.86   246.83 257.44   240.56 251.18
2021-07-02   353.94  -3.86   241.81 252.48   241.78 252.45    19.30  29.97   241.24 251.91   246.82 257.49   240.56 251.23
2021-07-03   353.93  -3.86   241.80 252.53   241.78 252.50    19.29  30.02   241.23 251.96   246.82 257.55   240.55 251.28
2021-07-04   353.93  -3.86   241.80 252.58   241.77 252.56    19.28  30.07   241.23 252.01   246.81 257.60   240.54 251.33
2021-07-05   353.93  -3.87   241.79 252.64   241.76 252.61    19.27  30.13   241.22 252.07   246.80 257.65   240.54 251.39
2021-07-06   353.92  -3.87   241.78 252.70   241.75 252.67    19.26  30.18   241.21 252.13   246.79 257.71   240.53 251.45
2021-07-07   353.92  -3.87   241.76 252.76   241.74 252.73    19.25  30.25   241.19 252.19   246.78 257.77   240.51 251.51
2021-07-08   353.91  -3.87   241.75 252.82   241.72 252.79    19.24  30.31   241.18 252.25   246.76 257.84   240.50 251.57
2021-07-09   353.90  -3.88   241.73 252.89   241.71 252.86    19.22  30.37   241.16 252.32   246.75 257.90   240.48 251.63
2021-07-10   353.90  -3.88   241.71 252.95   241.69 252.93    19.20  30.44   241.14 252.38   246.73 257.97   240.46 251.70
2021-07-11   353.89  -3.89   241.69 253.02   241.67 253.00    19.18  30.51   241.12 252.45   246.71 258.04   240.44 251.77
2021-07-12   353.88  -3.89   241.67 253.10   241.65 253.07    19.16  30.58   241.10 252.53   246.69 258.11   240.42 251.85
2021-07-13   353.87  -3.89   241.65 253.17   241.62 253.15    19.13  30.66   241.08 252.60   246.66 258.19   240.40 251.92
2021-07-14   353.87  -3.90   241.62 253.25   241.59 253.22    19.11  30.74   241.05 252.68   246.64 258.27   240.37 252.00
2021-07-15   353.86  -3.90   241.59 253.33   241.56 253.31    19.08  30.82   241.02 252.76   246.61 258.35   240.34 252.08
2021-07-16   353.85  -3.91   241.56 253.42   241.53 253.39    19.05  30.91   240.99 252.85   246.57 258.43   240.31 252.17
2021-07-17   353.84  -3.91   241.52 253.51   241.50 253.48    19.01  30.99   240.95 252.94   246.54 258.52   240.27 252.26
2021-07-18   353.83  -3.92   241.49 253.60   241.46 253.57    18.98  31.09   240.92 253.03   246.50 258.61   240.24 252.35
2021-07-19   353.81  -3.92   241.45 253.70   241.42 253.67    18.94  31.18   240.88 253.13   246.46 258.71   240.20 252.44
2021-07-20   353.80  -3.93   241.41 253.79   241.38 253.77    18.89  31.28   240.84 253.22   246.42 258.81   240.15 252.54
2021-07-21   353.79  -3.94   241.36 253.90   241.33 253.87    18.85  31.39   240.79 253.33   246.37 258.91   240.11 252.65
2021-07-22   353.78  -3.94   241.31 254.01   241.28 253.98    18.80  31.49   240.74 253.44   246.33 259.02   240.06 252.76
2021-07-23   353.77  -3.95   241.26 254.12   241.23 254.09    18.75  31.61   240.69 253.55   246.27 259.14   240.01 252.87
2021-07-24   353.75  -3.95   241.20 254.24   241.18 254.21    18.69  31.73   240.63 253.67   246.22 259.25   239.95 252.99
2021-07-25   353.74  -3.96   241.14 254.36   241.12 254.33    18.63  31.85   240.57 253.79   246.16 259.38   239.89 253.11
2021-07-26   353.72  -3.97   241.08 254.49   241.05 254.46    18.57  31.98   240.51 253.92   246.10 259.50   239.83 253.24
2021-07-27   353.71  -3.97   241.01 254.62   240.99 254.60    18.50  32.11   240.44 254.05   246.03 259.64   239.76 253.37
2021-07-28   353.70  -3.98   240.94 254.76   240.92 254.74    18.43  32.25   240.37 254.19   245.96 259.78   239.69 253.51
2021-07-29   353.68  -3.99   240.87 254.91   240.84 254.88    18.35  32.40   240.30 254.34   245.88 259.92   239.62 253.66
2021-07-30   353.66  -4.00   240.79 255.06   240.76 255.04    18.27  32.55   240.22 254.49   245.80 260.08   239.54 253.81

2021-10-30   351.62  -4.88    58.73  72.94    58.71  72.92   196.22 210.43    58.16  72.37    63.75  77.96    57.48  71.69
2021-10-31   351.60  -4.89    58.89  72.86    58.86  72.83   196.37 210.35    58.32  72.29    63.90  77.87    57.64  71.61
2021-11-01   351.58  -4.89    59.03  72.78    59.01  72.75   196.52 210.27    58.46  72.21    64.05  77.79    57.78  71.53
2021-11-02   351.57  -4.90    59.17  72.71    59.14  72.68   196.66 210.19    58.60  72.14    64.19  77.72    57.92  71.45
2021-11-03   351.55  -4.91    59.30  72.63    59.28  72.61   196.79 210.12    58.73  72.06    64.32  77.65    58.05  71.38
2021-11-04   351.54  -4.91    59.43  72.57    59.40  72.54   196.92 210.06    58.86  72.00    64.45  77.58    58.18  71.32
2021-11-05   351.53  -4.92    59.55  72.51    59.53  72.48   197.04 209.99    58.98  71.94    64.57  77.52    58.30  71.26
2021-11-06   351.51  -4.92    59.67  72.45    59.64  72.42   197.16 209.93    59.10  71.88    64.68  77.46    58.42  71.20
2021-11-07   351.50  -4.93    59.78  72.39    59.75  72.37   197.27 209.88    59.21  71.82    64.79  77.41    58.53  71.14
2021-11-08   351.49  -4.93    59.88  72.34    59.86  72.31   197.37 209.83    59.31  71.77    64.90  77.35    58.63  71.09
2021-11-09   351.48  -4.94    59.99  72.29    59.96  72.26   197.47 209.78    59.42  71.72    65.00  77.31    58.74  71.04
2021-11-10   351.47  -4.94    60.08  72.24    60.06  72.22   197.57 209.73    59.51  71.67    65.10  77.26    58.83  70.99
2021-11-11   351.46  -4.95    60.18  72.20    60.15  72.17   197.66 209.69    59.61  71.63    65.19  77.22    58.93  70.95
2021-11-12   351.45  -4.95    60.27  72.16    60.24  72.13   197.75 209.65    59.70  71.59    65.28  77.18    59.01  70.91
2021-11-13   351.44  -4.95    60.35  72.12    60.32  72.10   197.84 209.61    59.78  71.55    65.37  77.14    59.10  70.87
2021-11-14   351.43  -4.96    60.43  72.09    60.41  72.06   197.92 209.57    59.86  71.52    65.45  77.10    59.18  70.84
2021-11-15   351.42  -4.96    60.51  72.05    60.48  72.03   198.00 209.54    59.94  71.48    65.53  77.07    59.26  70.80
2021-11-16   351.41  -4.96    60.58  72.02    60.56  72.00   198.07 209.51    60.01  71.45    65.60  77.04    59.33  70.77
2021-11-17   351.40  -4.97    60.66  71.99    60.63  71.97   198.14 209.48    60.09  71.42    65.67  77.01    59.41  70.74
2021-11-18   351.39  -4.97    60.73  71.97    60.70  71.94   198.21 209.46    60.16  71.40    65.74  76.98    59.47  70.72
2021-11-19   351.39  -4.97    60.79  71.94    60.76  71.92   198.28 209.43    60.22  71.37    65.81  76.96    59.54  70.69
2021-11-20   351.38  -4.97    60.85  71.92    60.83  71.90   198.34 209.41    60.28  71.35    65.87  76.94    59.60  70.67
2021-11-21   351.37  -4.98    60.91  71.90    60.89  71.88   198.40 209.39    60.34  71.33    65.93  76.92    59.66  70.65
2021-11-22   351.37  -4.98    60.97  71.88    60.95  71.86   198.46 209.37    60.40  71.31    65.99  76.90    59.72  70.63
2021-11-23   351.36  -4.98    61.03  71.87    61.00  71.84   198.51 209.36    60.46  71.30    66.04  76.88    59.78  70.62
2021-11-24   351.36  -4.98    61.08  71.85    61.05  71.83   198.57 209.34    60.51  71.28    66.09  76.87    59.83  70.60
2021-11-25   351.35  -4.98    61.13  71.84    61.10  71.81   198.62 209.33    60.56  71.27    66.14  76.86    59.88  70.59
2021-11-26   351.35  -4.98    61.18  71.83    61.15  71.80   198.66 209.32    60.61  71.26    66.19  76.84    59.93  70.58
2021-11-27   351.35  -4.98    61.22  71.82    61.20  71.79   198.71 209.31    60.65  71.25    66.24  76.84    59.97  70.57
2021-11-28   351.35  -4.99    61.27  71.81    61.24  71.79   198.75 209.30    60.70  71.24    66.28  76.83    60.02  70.56
2021-11-29   351.34  -4.99    61.31  71.81    61.28  71.78   198.80 209.29    60.74  71.24    66.32  76.82    60.06  70.56
2021-11-30   351.34  -4.99    61.35  71.80    61.32  71.78   198.84 209.29    60.78  71.23    66.36  76.82    60.10  70.55
2021-12-01   351.34  -4.99    61.39  71.80    61.36  71.77   198.87 209.29    60.82  71.23    66.40  76.82    60.13  70.55
2021-12-02   351.34  -4.99    61.42  71.80    61.39  71.77   198.91 209.29    60.85  71.23    66.44  76.81    60.17  70.55
2021-12-03   351.34  -4.98    61.45  71.80    61.43  71.77   198.94 209.29    60.88  71.23    66.47  76.82    60.20  70.55
2021-12-04   351.34  -4.98    61.49  71.80    61.46  71.78   198.97 209.29    60.92  71.23    66.50  76.82    60.24  70.55
2021-12-05   351.34  -4.98    61.52  71.81    61.49  71.78   199.00 209.29    60.95  71.24    66.53  76.82    60.27  70.56
2021-12-06   351.35  -4.98    61.54  71.81    61.52  71.79   199.03 209.30    60.97  71.24    66.56  76.83    60.29  70.56
2021-12-07   351.35  -4.98    61.57  71.82    61.54  71.79   199.06 209.31    61.00  71.25    66.59  76.83    60.32  70.57
2021-12-08   351.35  -4.98    61.60  71.83    61.57  71.80   199.08 209.31    61.03  71.26    66.61  76.84    60.34  70.58
2021-12-09   351.36  -4.98    61.62  71.84    61.59  71.81   199.11 209.33    61.05  71.27    66.63  76.85    60.37  70.59
2021-12-10   351.36  -4.97    61.64  71.85    61.61  71.82   199.13 209.34    61.07  71.28    66.65  76.86    60.39  70.60
2021-12-11   351.36  -4.97    61.66  71.86    61.63  71.84   199.15 209.35    61.09  71.29    66.67  76.88    60.41  70.61
2021-12-12   351.37  -4.97    61.68  71.88    61.65  71.85   199.16 209.37    61.11  71.31    66.69  76.89    60.43  70.63
2021-12-13   351.38  -4.97    61.69  71.89    61.67  71.87   199.18 209.38    61.12  71.32    66.71  76.91    60.44  70.64
2021-12-14   351.38  -4.96    61.71  71.91    61.68  71.89   199.20 209.40    61.14  71.34    66.72  76.93    60.46  70.66
2021-12-15   351.39  -4.96    61.76  71.89    61.74  71.86   199.25 209.38    61.19  71.32    66.78  76.90    60.51  70.64
2021-12-16   351.40  -4.96    62.42  71.27    62.39  71.24   199.91 208.76    61.85  70.70    67.43  76.28    61.17  70.02
2021-12-17   351.40  -4.95    63.07  70.65    63.04  70.62   200.56 208.14    62.50  70.08    68.08  75.67    61.82  69.40

2022-06-12   355.95  -3.03   242.78 250.40   242.76 250.37    20.27  27.89   242.21 249.83   247.80 255.41   241.53 249.15
2022-06-13   355.95  -3.03   242.21 251.02   242.18 250.99    19.70  28.51   241.64 250.45   247.23 256.03   240.96 249.77
2022-06-14   355.96  -3.02   241.63 251.64   241.61 251.61    19.12  29.12   241.06 251.07   246.65 256.65   240.38 250.39
2022-06-15   355.97  -3.02   241.56 251.76   241.53 251.73    19.04  29.25   240.99 251.19   246.57 256.78   240.31 250.51
2022-06-16   355.98  -3.02   241.58 251.78   241.55 251.75    19.07  29.27   241.01 251.21   246.60 256.80   240.33 250.53
2022-06-17   355.98  -3.02   241.60 251.80   241.58 251.78    19.09  29.29   241.03 251.23   246.62 256.82   240.35 250.55
2022-06-18   355.99  -3.02   241.62 251.83   241.60 251.80    19.11  29.31   241.05 251.26   246.64 256.84   240.37 250.57
2022-06-19   355.99  -3.02   241.64 251.85   241.62 251.82    19.13  29.34   241.07 251.28   246.66 256.87   240.39 250.60
2022-06-20   356.00  -3.02   241.66 251.88   241.63 251.85    19.15  29.36   241.09 251.31   246.68 256.89   240.41 250.63
2022-06-21   356.00  -3.01   241.68 251.90   241.65 251.88    19.17  29.39   241.11 251.33   246.69 256.92   240.43 250.65
2022-06-22   356.00  -3.01   241.69 251.93   241.67 251.91    19.18  29.42   241.12 251.36   246.71 256.95   240.44 250.68
2022-06-23   356.01  -3.01   241.71 251.96   241.68 251.94    19.19  29.45   241.14 251.39   246.72 256.98   240.46 250.71
2022-06-24   356.01  -3.01   241.72 251.99   241.69 251.97    19.21  29.48   241.15 251.42   246.73 257.01   240.47 250.74
2022-06-25   356.01  -3.01   241.73 252.03   241.70 252.00    19.22  29.51   241.16 251.46   246.75 257.04   240.48 250.78
2022-06-26   356.01  -3.01   241.74 252.06   241.71 252.04    19.23  29.55   241.17 251.49   246.75 257.08   240.49 250.81
2022-06-27   356.02  -3.01   241.75 252.10   241.72 252.07    19.23  29.59   241.18 251.53   246.76 257.11   240.50 250.85
2022-06-28   356.02  -3.01   241.75 252.14   241.73 252.11    19.24  29.62   241.18 251.57   246.77 257.15   240.50 250.89
2022-06-29   356.02  -3.02   241.76 252.18   241.73 252.15    19.25  29.66   241.19 251.61   246.77 257.19   240.51 250.93
2022-06-30   356.02  -3.02   241.76 252.22   241.74 252.19    19.25  29.71   241.19 251.65   246.78 257.23   240.51 250.97
2022-07-01   356.01  -3.02   241.76 252.26   241.74 252.23    19.25  29.75   241.19 251.69   246.78 257.28   240.51 251.01
2022-07-02   356.01  -3.02   241.76 252.31   241.74 252.28    19.25  29.79   241.19 251.74   246.78 257.32   240.51 251.05
2022-07-03   356.01  -3.02   241.76 252.35   241.74 252.33    19.25  29.84   241.19 251.78   246.78 257.37   240.51 251.10
2022-07-04   356.01  -3.02   241.76 252.40   241.73 252.37    19.25  29.89   241.19 251.83   246.77 257.42   240.51 251.15
2022-07-05   356.01  -3.03   241.75 252.45   241.73 252.42    19.24  29.94   241.18 251.88   246.77 257.47   240.50 251.20
2022-07-06   356.00  -3.03   241.75 252.50   241.72 252.48    19.23  29.99   241.18 251.93   246.76 257.52   240.50 251.25
2022-07-07   356.00  -3.03   241.74 252.56   241.71 252.53    19.23  30.05   241.17 251.99   246.75 257.57   240.49 251.31
2022-07-08   355.99  -3.03   241.73 252.61   241.70 252.59    19.22  30.10   241.16 252.04   246.74 257.63   240.48 251.36
2022-07-09   355.99  -3.04   241.72 252.67   241.69 252.65    19.20  30.16   241.15 252.10   246.73 257.69   240.47 251.42
2022-07-10   355.98  -3.04   241.70 252.73   241.68 252.71    19.19  30.22   241.13 252.16   246.72 257.75   240.45 251.48
2022-07-11   355.98  -3.04   241.69 252.80   241.66 252.77    19.17  30.29   241.12 252.23   246.70 257.81   240.44 251.55
2022-07-12   355.97  -3.05   241.67 252.86   241.64 252.84    19.16  30.35   241.10 252.29   246.68 257.88   240.42 251.61
2022-07-13   355.96  -3.05   241.65 252.93   241.62 252.91    19.14  30.42   241.08 252.36   246.66 257.95   240.40 251.68
2022-07-14   355.96  -3.05   241.63 253.00   241.60 252.98    19.11  30.49   241.06 252.43   246.64 258.02   240.38 251.75
2022-07-15   355.95  -3.06   241.60 253.08   241.58 253.05    19.09  30.56   241.03 252.51   246.62 258.09   240.35 251.83
2022-07-16   355.94  -3.06   241.58 253.15   241.55 253.13    19.06  30.64   241.01 252.58   246.59 258.17   240.33 251.90
2022-07-17   355.93  -3.07   241.55 253.23   241.52 253.21    19.04  30.72   240.98 252.66   246.56 258.25   240.30 251.98
2022-07-18   355.92  -3.07   241.52 253.32   241.49 253.29    19.00  30.80   240.95 252.75   246.53 258.33   240.27 252.07
2022-07-19   355.91  -3.08   241.48 253.40   241.46 253.38    18.97  30.89   240.91 252.83   246.50 258.42   240.23 252.15
2022-07-20   355.90  -3.08   241.45 253.49   241.42 253.47    18.94  30.98   240.88 252.92   246.46 258.51   240.20 252.24
2022-07-21   355.89  -3.09   241.41 253.59   241.38 253.56    18.90  31.07   240.84 253.02   246.42 258.60   240.16 252.34
2022-07-22   355.88  -3.09   241.37 253.68   241.34 253.66    18.86  31.17   240.80 253.11   246.38 258.70   240.12 252.43
2022-07-23   355.87  -3.10   241.32 253.79   241.30 253.76    18.81  31.27   240.75 253.22   246.34 258.80   240.07 252.53
2022-07-24   355.85  -3.11   241.28 253.89   241.25 253.86    18.76  31.38   240.71 253.32   246.29 258.91   240.03 252.64
2022-07-25   355.84  -3.11   241.23 254.00   241.20 253.97    18.71  31.49   240.66 253.43   246.24 259.02   239.97 252.75
2022-07-26   355.83  -3.12   241.17 254.12   241.15 254.09    18.66  31.60   240.60 253.55   246.19 259.13   239.92 252.86
2022-07-27   355.82  -3.12   241.11 254.24   241.09 254.21    18.60  31.72   240.54 253.67   246.13 259.25   239.86 252.98
2022-07-28   355.80  -3.13   241.05 254.36   241.03 254.33    18.54  31.85   240.48 253.79   246.07 259.38   239.80 253.11
2022-07-29   355.79  -3.14   240.99 254.49   240.96 254.46    18.48  31.98   240.42 253.92   246.00 259.51   239.74 253.24
2022-07-30   355.77  -3.14   240.92 254.63   240.89 254.60    18.41  32.11   240.35 254.06   245.93 259.64   239.67 253.38
2022-07-31   355.76  -3.15   240.85 254.77   240.82 254.74    18.33  32.26   240.28 254.20   245.86 259.79   239.60 253.52
2022-08-01   355.74  -3.16   240.77 254.92   240.74 254.89    18.26  32.41   240.20 254.35   245.78 259.93   239.52 253.67
2022-08-02   355.73  -3.17   240.69 255.08   240.66 255.05    18.17  32.56   240.12 254.51   245.70 260.09   239.43 253.83

2022-11-01   353.70  -4.05    58.46  72.80    58.44  72.78   195.95 210.29    57.89  72.23    63.48  77.82    57.21  71.55
2022-11-02   353.68  -4.05    58.62  72.72    58.59  72.69   196.11 210.20    58.05  72.15    63.64  77.73    57.37  71.47
2022-11-03   353.67  -4.06    58.77  72.64    58.74  72.61   196.26 210.12    58.20  72.07    63.79  77.65    57.52  71.38
2022-11-04   353.65  -4.07    58.91  72.56    58.89  72.53   196.40 210.05    58.34  71.99    63.93  77.57    57.66  71.31
2022-11-05   353.64  -4.07    59.05  72.49    59.03  72.46   196.54 209.97    58.48  71.92    64.07  77.50    57.80  71.24
2022-11-06   353.62  -4.08    59.18  72.42    59.16  72.39   196.67 209.91    58.61  71.85    64.20  77.43    57.93  71.17
2022-11-07   353.61  -4.08    59.31  72.36    59.28  72.33   196.80 209.84    58.74  71.79    64.32  77.37    58.06  71.10
2022-11-08   353.60  -4.09    59.43  72.30    59.40  72.27   196.92 209.78    58.86  71.73    64.44  77.31    58.18  71.04
2022-11-09   353.58  -4.09    59.54  72.24    59.52  72.21   197.03 209.73    58.97  71.67    64.56  77.25    58.29  70.99
2022-11-10   353.57  -4.10    59.65  72.19    59.63  72.16   197.14 209.67    59.08  71.62    64.67  77.20    58.40  70.93
2022-11-11   353.56  -4.10    59.76  72.14    59.73  72.11   197.24 209.62    59.19  71.57    64.77  77.15    58.51  70.88
2022-11-12   353.55  -4.11    59.86  72.09    59.83  72.06   197.34 209.58    59.29  71.52    64.87  77.10    58.61  70.84
2022-11-13   353.54  -4.11    59.95  72.04    59.93  72.02   197.44 209.53    59.38  71.47    64.97  77.06    58.70  70.79
2022-11-14   353.53  -4.12    60.04  72.00    60.02  71.98   197.53 209.49    59.47  71.43    65.06  77.02    58.79  70.75
2022-11-15   353.51  -4.12    60.13  71.96    60.11  71.94   197.62 209.45    59.56  71.39    65.15  76.98    58.88  70.71
2022-11-16   353.51  -4.13    60.22  71.93    60.19  71.90   197.70 209.42    59.65  71.36    65.23  76.94    58.97  70.68
2022-11-17   353.50  -4.13    60.30  71.90    60.27  71.87   197.79 209.38    59.73  71.33    65.31  76.91    59.05  70.64
2022-11-18   353.49  -4.13    60.38  71.86    60.35  71.84   197.86 209.35    59.81  71.29    65.39  76.88    59.12  70.61
2022-11-19   353.48  -4.14    60.45  71.84    60.42  71.81   197.94 209.32    59.88  71.27    65.47  76.85    59.20  70.58
2022-11-20   353.47  -4.14    60.52  71.81    60.49  71.78   198.01 209.30    59.95  71.24    65.54  76.82    59.27  70.56
2022-11-21   353.46  -4.14    60.59  71.78    60.56  71.76   198.08 209.27    60.02  71.21    65.60  76.80    59.34  70.53
2022-11-22   353.46  -4.14    60.65  71.76    60.63  71.74   198.14 209.25    60.08  71.19    65.67  76.78    59.40  70.51
2022-11-23   353.45  -4.15    60.72  71.74    60.69  71.72   198.20 209.23    60.15  71.17    65.73  76.76    59.47  70.49
2022-11-24   353.45  -4.15    60.78  71.72    60.75  71.70   198.26 209.21    60.21  71.15    65.79  76.74    59.53  70.47
2022-11-25   353.44  -4.15    60.83  71.71    60.81  71.68   198.32 209.19    60.26  71.14    65.85  76.72    59.58  70.46
2022-11-26   353.44  -4.15    60.89  71.69    60.86  71.67   198.38 209.18    60.32  71.12    65.90  76.71    59.64  70.44
2022-11-27   353.43  -4.15    60.94  71.68    60.91  71.65   198.43 209.17    60.37  71.11    65.96  76.70    59.69  70.43
2022-11-28   353.43  -4.15    60.99  71.67    60.96  71.64   198.48 209.16    60.42  71.10    66.01  76.68    59.74  70.42
2022-11-29   353.42  -4.15    61.04  71.66    61.01  71.63   198.53 209.15    60.47  71.09    66.05  76.68    59.79  70.41
2022-11-30   353.42  -4.16    61.08  71.65    61.06  71.63   198.57 209.14    60.51  71.08    66.10  76.67    59.83  70.40
2022-12-01   353.42  -4.16    61.13  71.65    61.10  71.62   198.62 209.13    60.56  71.08    66.14  76.66    59.88  70.40
2022-12-02   353.42  -4.16    61.17  71.64    61.14  71.62   198.66 209.13    60.60  71.07    66.19  76.66    59.92  70.39
2022-12-03   353.42  -4.16    61.21  71.64    61.18  71.62   198.70 209.13    60.64  71.07    66.22  76.66    59.96  70.39
2022-12-04   353.42  -4.16    61.25  71.64    61.22  71.61   198.73 209.13    60.68  71.07    66.26  76.66    60.00  70.39
2022-12-05   353.42  -4.16    61.28  71.64    61.26  71.62   198.77 209.13    60.71  71.07    66.30  76.66    60.03  70.39
2022-12-06   353.42  -4.15    61.32  71.64    61.29  71.62   198.80 209.13    60.75  71.07    66.33  76.66    60.07  70.39
2022-12-07   353.42  -4.15    61.35  71.65    61.32  71.62   198.84 209.14    60.78  71.08    66.36  76.66    60.10  70.40
2022-12-08   353.42  -4.15    61.38  71.66    61.35  71.63   198.87 209.14    60.81  71.09    66.39  76.67    60.13  70.40
2022-12-09   353.42  -4.15    61.41  71.66    61.38  71.64   198.89 209.15    60.84  71.09    66.42  76.68    60.16  70.41
2022-12-10   353.42  -4.15    61.43  71.67    61.41  71.65   198.92 209.16    60.86  71.10    66.45  76.69    60.18  70.42
2022-12-11   353.43  -4.15    61.46  71.68    61.43  71.66   198.95 209.17    60.89  71.11    66.47  76.70    60.21  70.43
2022-12-12   353.43  -4.15    61.48  71.70    61.46  71.67   198.97 209.18    60.91  71.13    66.50  76.71    60.23  70.44
2022-12-13   353.44  -4.14    61.50  71.71    61.48  71.68   198.99 209.20    60.93  71.14    66.52  76.73    60.25  70.46
2022-12-14   353.44  -4.14    61.52  71.73    61.50  71.70   199.01 209.21    60.95  71.16    66.54  76.74    60.27  70.47
2022-12-15   353.45  -4.14    61.54  71.74    61.52  71.72   199.03 209.23    60.97  71.17    66.56  76.76    60.29  70.49
2022-12-16   353.45  -4.13    61.56  71.76    61.53  71.74   199.05 209.25    60.99  71.19    66.58  76.78    60.31  70.51
2022-12-17   353.46  -4.13    61.58  71.78    61.55  71.76   199.06 209.27    61.01  71.21    66.59  76.80    60.32  70.53
2022-12-18   353.47  -4.13    62.03  71.37    62.00  71.34   199.51 208.86    61.46  70.80    67.04  76.38    60.78  70.12
2022-12-19   353.47  -4.12    62.68  70.75    62.65  70.72   200.17 208.24    62.11  70.18    67.70  75.77    61.43  69.50

2023-06-14   358.01  -2.19   243.06 250.04   243.03 250.02    20.55  27.53   242.49 249.47   248.08 255.06   241.81 248.79
2023-06-15   358.02  -2.19   242.49 250.66   242.46 250.64    19.97  28.15   241.92 250.09   247.50 255.68   241.24 249.41
2023-06-16   358.03  -2.19   241.91 251.28   241.88 251.26    19.40  28.77   241.34 250.71   246.93 256.30   240.66 250.03
2023-06-17   358.03  -2.19   241.52 251.72   241.49 251.70    19.00  29.21   240.95 251.15   246.53 256.74   240.27 250.47
2023-06-18   358.04  -2.18   241.54 251.74   241.51 251.72    19.03  29.23   240.97 251.17   246.56 256.76   240.29 250.49
2023-06-19   358.05  -2.18   241.56 251.76   241.54 251.74    19.05  29.25   240.99 251.19   246.58 256.78   240.31 250.51
2023-06-20   358.05  -2.18   241.59 251.79   241.56 251.76    19.07  29.27   241.02 251.22   246.60 256.80   240.34 250.54
2023-06-21   358.06  -2.18   241.61 251.81   241.58 251.78    19.09  29.30   241.04 251.24   246.62 256.83   240.36 250.56
2023-06-22   358.06  -2.18   241.63 251.84   241.60 251.81    19.11  29.32   241.06 251.27   246.64 256.85   240.37 250.58
2023-06-23   358.07  -2.18   241.64 251.86   241.62 251.84    19.13  29.35   241.07 251.29   246.66 256.88   240.39 250.61
2023-06-24   358.07  -2.18   241.66 251.89   241.63 251.86    19.15  29.38   241.09 251.32   246.67 256.91   240.41 250.64
2023-06-25   358.07  -2.18   241.67 251.92   241.65 251.89    19.16  29.41   241.10 251.35   246.69 256.93   240.42 250.67
2023-06-26   358.08  -2.18   241.69 251.95   241.66 251.92    19.17  29.44   241.12 251.38   246.70 256.97   240.43 250.70
2023-06-27   358.08  -2.18   241.70 251.98   241.67 251.96    19.18  29.47   241.13 251.41   246.71 257.00   240.45 250.73
2023-06-28   358.08  -2.18   241.71 252.02   241.68 251.99    19.19  29.50   241.14 251.45   246.72 257.03   240.46 250.77
2023-06-29   358.08  -2.18   241.72 252.05   241.69 252.03    19.20  29.54   241.15 251.48   246.73 257.07   240.46 250.80
2023-06-30   358.08  -2.18   241.72 252.09   241.70 252.06    19.21  29.58   241.15 251.52   246.74 257.10   240.47 250.84
2023-07-01   358.08  -2.18   241.73 252.13   241.70 252.10    19.21  29.61   241.16 251.56   246.74 257.14   240.48 250.88
2023-07-02   358.08  -2.18   241.73 252.17   241.70 252.14    19.22  29.65   241.16 251.60   246.75 257.18   240.48 250.92
2023-07-03   358.08  -2.18   241.73 252.21   241.71 252.18    19.22  29.70   241.16 251.64   246.75 257.22   240.48 250.96
2023-07-04   358.08  -2.18   241.73 252.25   241.71 252.23    19.22  29.74   241.16 251.68   246.75 257.27   240.48 251.00
2023-07-05   358.08  -2.18   241.73 252.30   241.71 252.27    19.22  29.78   241.16 251.73   246.75 257.31   240.48 251.05
2023-07-06   358.08  -2.18   241.73 252.34   241.70 252.32    19.22  29.83   241.16 251.77   246.74 257.36   240.48 251.09
2023-07-07   358.07  -2.19   241.72 252.39   241.70 252.37    19.21  29.88   241.15 251.82   246.74 257.41   240.47 251.14
2023-07-08   358.07  -2.19   241.72 252.44   241.69 252.42    19.21  29.93   241.15 251.87   246.73 257.46   240.47 251.19
2023-07-09   358.07  -2.19   241.71 252.50   241.68 252.47    19.20  29.98   241.14 251.93   246.73 257.51   240.46 251.25
2023-07-10   358.06  -2.19   241.70 252.55   241.67 252.53    19.19  30.04   241.13 251.98   246.72 257.57   240.45 251.30
2023-07-11   358.06  -2.20   241.69 252.61   241.66 252.58    19.18  30.10   241.12 252.04   246.70 257.62   240.44 251.36
2023-07-12   358.05  -2.20   241.68 252.67   241.65 252.64    19.16  30.16   241.11 252.10   246.69 257.68   240.43 251.42
2023-07-13   358.05  -2.20   241.66 252.73   241.63 252.70    19.15  30.22   241.09 252.16   246.68 257.75   240.41 251.48
2023-07-14   358.04  -2.21   241.64 252.79   241.62 252.77    19.13  30.28   241.07 252.22   246.66 257.81   240.39 251.54
2023-07-15   358.03  -2.21   241.62 252.86   241.60 252.83    19.11  30.35   241.05 252.29   246.64 257.88   240.37 251.61
2023-07-16   358.03  -2.21   241.60 252.93   241.58 252.90    19.09  30.42   241.03 252.36   246.62 257.95   240.35 251.68
2023-07-17   358.02  -2.22   241.58 253.00   241.55 252.98    19.07  30.49   241.01 252.43   246.59 258.02   240.33 251.75
2023-07-18   358.01  -2.22   241.55 253.08   241.53 253.05    19.04  30.56   240.98 252.51   246.57 258.09   240.30 251.83
2023-07-19   358.00  -2.23   241.53 253.15   241.50 253.13    19.01  30.64   240.96 252.58   246.54 258.17   240.28 251.90
2023-07-20   357.99  -2.23   241.50 253.24   241.47 253.21    18.98  30.72   240.93 252.67   246.51 258.25   240.25 251.98
2023-07-21   357.98  -2.24   241.46 253.32   241.44 253.29    18.95  30.81   240.89 252.75   246.48 258.33   240.21 252.07
2023-07-22   357.97  -2.24   241.43 253.41   241.40 253.38    18.92  30.89   240.86 252.84   246.44 258.42   240.18 252.16
2023-07-23   357.96  -2.25   241.39 253.50   241.37 253.47    18.88  30.99   240.82 252.93   246.41 258.51   240.14 252.25
2023-07-24   357.95  -2.25   241.35 253.59   241.33 253.57    18.84  31.08   240.78 253.02   246.37 258.61   240.10 252.34
2023-07-25   357.94  -2.26   241.31 253.69   241.28 253.67    18.80  31.18   240.74 253.12   246.32 258.71   240.06 252.44
2023-07-26   357.93  -2.26   241.26 253.79   241.24 253.77    18.75  31.28   240.69 253.22   246.28 258.81   240.01 252.54
2023-07-27   357.92  -2.27   241.21 253.90   241.19 253.88    18.70  31.39   240.64 253.33   246.23 258.92   239.96 252.65
2023-07-28   357.90  -2.28   241.16 254.01   241.14 253.99    18.65  31.50   240.59 253.44   246.18 259.03   239.91 252.76
2023-07-29   357.89  -2.28   241.11 254.13   241.08 254.10    18.59  31.62   240.54 253.56   246.12 259.15   239.86 252.88
2023-07-30   357.88  -2.29   241.05 254.25   241.02 254.23    18.53  31.74   240.48 253.68   246.06 259.27   239.80 253.00
2023-07-31   357.86  -2.30   240.98 254.38   240.96 254.35    18.47  31.87   240.41 253.81   246.00 259.39   239.73 253.13
2023-08-01   357.85  -2.30   240.92 254.51   240.89 254.49    18.41  32.00   240.35 253.94   245.93 259.53   239.67 253.26
2023-08-02   357.83  -2.31   240.85 254.65   240.82 254.63    18.34  32.14   240.28 254.08   245.86 259.67   239.60 253.40
2023-08-03   357.82  -2.32   240.77 254.80   240.75 254.77    18.26  32.29   240.20 254.23   245.79 259.81   239.52 253.55
2023-08-04   357.80  -2.32   240.69 254.95   240.67 254.92    18.18  32.44   240.12 254.38   245.71 259.97   239.44 253.70

2023-11-04   355.76  -3.22    58.38  72.60    58.35  72.57   195.86 210.09    57.81  72.03    63.39  77.61    57.13  71.35
2023-11-05   355.75  -3.22    58.53  72.52    58.51  72.49   196.02 210.00    57.96  71.95    63.55  77.53    57.28  71.27
2023-11-06   355.73  -3.23    58.68  72.44    58.66  72.41   196.17 209.93    58.11  71.87    63.70  77.45    57.43  71.19
2023-11-07   355.72  -3.23    58.82  72.37    58.80  72.34   196.31 209.85    58.25  71.80    63.84  77.38    57.57  71.11
2023-11-08   355.70  -3.24    58.96  72.30    58.93  72.27   196.45 209.78    58.39  71.73    63.98  77.31    57.71  71.05
2023-11-09   355.69  -3.25    59.09  72.23    59.06  72.20   196.58 209.72    58.52  71.66    64.11  77.25    57.84  70.98
2023-11-10   355.67  -3.25    59.21  72.17    59.19  72.14   196.70 209.66    58.64  71.60    64.23  77.19    57.96  70.92
2023-11-11   355.66  -3.26    59.33  72.11    59.31  72.09   196.82 209.60    58.76  71.54    64.35  77.13    58.08  70.86
2023-11-12   355.65  -3.26    59.45  72.06    59.42  72.03   196.93 209.55    58.88  71.49    64.46  77.07    58.20  70.81
2023-11-13   355.64  -3.27    59.55  72.01    59.53  71.98   197.04 209.50    58.98  71.44    64.57  77.02    58.30  70.76
2023-11-14   355.62  -3.27    59.66  71.96    59.63  71.93   197.15 209.45    59.09  71.39    64.67  76.98    58.41  70.71
2023-11-15   355.61  -3.28    59.76  71.92    59.73  71.89   197.25 209.40    59.19  71.35    64.77  76.93    58.51  70.66
2023-11-16   355.60  -3.28    59.85  71.87    59.83  71.85   197.34 209.36    59.28  71.30    64.87  76.89    58.60  70.62
2023-11-17   355.59  -3.28    59.94  71.83    59.92  71.81   197.43 209.32    59.37  71.26    64.96  76.85    58.69  70.58
2023-11-18   355.58  -3.29    60.03  71.80    60.01  71.77   197.52 209.29    59.46  71.23    65.05  76.81    58.78  70.55
2023-11-19   355.57  -3.29    60.12  71.76    60.09  71.74   197.60 209.25    59.55  71.19    65.13  76.78    58.86  70.51
2023-11-20   355.56  -3.30    60.20  71.73    60.17  71.71   197.68 209.22    59.63  71.16    65.21  76.75    58.95  70.48
2023-11-21   355.55  -3.30    60.27  71.70    60.25  71.68   197.76 209.19    59.70  71.13    65.29  76.72    59.02  70.45
2023-11-22   355.55  -3.30    60.35  71.68    60.32  71.65   197.83 209.17    59.78  71.11    65.36  76.69    59.10  70.43
2023-11-23   355.54  -3.30    60.42  71.65    60.39  71.63   197.90 209.14    59.85  71.08    65.43  76.67    59.17  70.40
2023-11-24   355.53  -3.31    60.49  71.63    60.46  71.61   197.97 209.12    59.92  71.06    65.50  76.65    59.23  70.38
2023-11-25   355.52  -3.31    60.55  71.61    60.52  71.58   198.04 209.10    59.98  71.04    65.57  76.63    59.30  70.36
2023-11-26   355.52  -3.31    60.61  71.59    60.59  71.57   198.10 209.08    60.04  71.02    65.63  76.61    59.36  70.34
2023-11-27   355.51  -3.31    60.67  71.58    60.65  71.55   198.16 209.06    60.10  71.01    65.69  76.59    59.42  70.33
2023-11-28   355.51  -3.32    60.73  71.56    60.70  71.54   198.22 209.05    60.16  70.99    65.74  76.58    59.48  70.31
2023-11-29   355.50  -3.32    60.78  71.55    60.76  71.52   198.27 209.04    60.21  70.98    65.80  76.57    59.53  70.30
2023-11-30   355.50  -3.32    60.84  71.54    60.81  71.51   198.32 209.03    60.27  70.97    65.85  76.56    59.59  70.29
2023-12-01   355.50  -3.32    60.89  71.53    60.86  71.51   198.37 209.02    60.32  70.96    65.90  76.55    59.64  70.28
2023-12-02   355.49  -3.32    60.94  71.53    60.91  71.50   198.42 209.01    60.37  70.96    65.95  76.54    59.68  70.27
2023-12-03   355.49  -3.32    60.98  71.52    60.95  71.49   198.47 209.01    60.41  70.95    66.00  76.54    59.73  70.27
2023-12-04   355.49  -3.32    61.02  71.52    61.00  71.49   198.51 209.00    60.45  70.95    66.04  76.53    59.77  70.27
2023-12-05   355.49  -3.32    61.07  71.52    61.04  71.49   198.55 209.00    60.50  70.95    66.08  76.53    59.82  70.26
2023-12-06   355.49  -3.32    61.11  71.52    61.08  71.49   198.59 209.00    60.54  70.95    66.12  76.53    59.86  70.26
2023-12-07   355.49  -3.32    61.14  71.52    61.12  71.49   198.63 209.01    60.57  70.95    66.16  76.53    59.89  70.27
2023-12-08   355.49  -3.32    61.18  71.52    61.15  71.49   198.67 209.01    60.61  70.95    66.20  76.54    59.93  70.27
2023-12-09   355.49  -3.32    61.22  71.53    61.19  71.50   198.70 209.01    60.65  70.96    66.23  76.54    59.96  70.28
2023-12-10   355.49  -3.32    61.25  71.53    61.22  71.51   198.73 209.02    60.68  70.96    66.26  76.55    60.00  70.28
2023-12-11   355.49  -3.32    61.28  71.54    61.25  71.52   198.77 209.03    60.71  70.97    66.29  76.56    60.03  70.29
2023-12-12   355.49  -3.31    61.31  71.55    61.28  71.53   198.80 209.04    60.74  70.98    66.32  76.57    60.06  70.30
2023-12-13   355.50  -3.31    61.34  71.56    61.31  71.54   198.82 209.05    60.77  70.99    66.35  76.58    60.08  70.31
2023-12-14   355.50  -3.31    61.36  71.58    61.33  71.55   198.85 209.07    60.79  71.01    66.38  76.59    60.11  70.33
2023-12-15   355.50  -3.31    61.39  71.59    61.36  71.57   198.87 209.08    60.82  71.02    66.40  76.61    60.13  70.34
2023-12-16   355.51  -3.31    61.41  71.61    61.38  71.58   198.90 209.10    60.84  71.04    66.42  76.63    60.16  70.36
2023-12-17   355.51  -3.30    61.43  71.63    61.40  71.60   198.92 209.12    60.86  71.06    66.44  76.64    60.18  70.38
2023-12-18   355.52  -3.30    61.45  71.65    61.42  71.62   198.94 209.14    60.88  71.08    66.46  76.67    60.20  70.40
2023-12-19   355.53  -3.30    61.47  71.67    61.44  71.65   198.95 209.16    60.90  71.10    66.48  76.69    60.22  70.42
2023-12-20   355.53  -3.29    61.68  71.50    61.66  71.47   199.17 208.98    61.11  70.93    66.70  76.51    60.43  70.25
2023-12-21   355.54  -3.29    62.34  70.88    62.32  70.85   199.83 208.37    61.77  70.31    67.36  75.89    61.09  69.63
2023-12-22   355.55  -3.29    63.00  70.26    62.97  70.23   200.49 207.75    62.43  69.69    68.02  75.28    61.75  69.01
