Using Equatorial Coordinates

       Target

Checked interval [2020-01-01, 2023-12-31]
|           Window [days]                 |    Normal V3 PA [deg]    |            RA             |            Dec            |
   Start           End         Duration         Start         End        Start          End          Start          End     
 2020-04-09      2020-06-02        54.00     259.39302     259.25346     297.23157     298.56291     -21.14088     -21.06501 
 2020-08-25      2020-10-17        53.00      82.18366      82.14168     289.02552     290.53184     -22.68706     -22.51709 
 2021-05-16      2021-07-08        53.00     249.22658     250.29537     332.51548     333.84256     -12.16733     -11.96557 
 2021-09-30      2021-11-21        52.00      69.98360      70.73802     325.14108     326.55802     -15.13497     -14.56241 
 2022-06-23      2022-08-15        53.00     246.71071     248.28221       6.55811       7.85765       1.44030       1.74474 
 2022-11-06      2022-12-27        51.00      65.13070      66.57951     359.60963       0.82206      -1.82586      -1.08753 
 2023-07-31      2023-09-23        54.00     252.55178     254.17649      41.38693      42.66665      14.70941      14.95688 
 2023-12-13      2023-12-31        17.10      69.27259      69.84948      33.27866      33.27866      12.09078      12.09078 


                                V3PA          NIRCam           NIRSpec         NIRISS           MIRI          FGS
   Date      RA     Dec      min    max      min    max       min    max     min    max      min    max      min    max

2020-04-10   297.23 -21.14   255.80 262.99   255.77 262.96    33.29  40.48   255.23 262.42   260.81 268.00   254.55 261.74
2020-04-11   297.34 -21.12   255.22 263.50   255.19 263.47    32.70  40.98   254.65 262.93   260.23 268.51   253.96 262.24
2020-04-12   297.44 -21.11   254.63 264.01   254.61 263.98    32.12  41.49   254.06 263.44   259.65 269.02   253.38 262.75
2020-04-13   297.54 -21.09   254.18 264.39   254.15 264.36    31.67  41.88   253.61 263.82   259.19 269.40   252.93 263.14
2020-04-14   297.64 -21.08   254.15 264.35   254.12 264.32    31.64  41.84   253.58 263.78   259.16 269.37   252.90 263.10
2020-04-15   297.74 -21.06   254.12 264.32   254.09 264.29    31.60  41.80   253.55 263.75   259.13 269.33   252.87 263.07
2020-04-16   297.83 -21.05   254.08 264.28   254.06 264.26    31.57  41.77   253.51 263.71   259.10 269.30   252.83 263.03
2020-04-17   297.92 -21.04   254.05 264.26   254.03 264.23    31.54  41.74   253.48 263.69   259.07 269.27   252.80 263.00
2020-04-18   298.01 -21.02   254.02 264.23   253.99 264.20    31.51  41.72   253.45 263.66   259.04 269.24   252.77 262.98
2020-04-19   298.09 -21.01   253.99 264.20   253.96 264.18    31.48  41.69   253.42 263.63   259.00 269.22   252.74 262.95
2020-04-20   298.17 -21.00   253.96 264.18   253.93 264.16    31.45  41.67   253.39 263.61   258.97 269.20   252.71 262.93
2020-04-21   298.25 -20.99   253.93 264.16   253.90 264.14    31.41  41.65   253.36 263.59   258.94 269.18   252.68 262.91
2020-04-22   298.33 -20.98   253.89 264.14   253.87 264.12    31.38  41.63   253.32 263.57   258.91 269.16   252.64 262.89
2020-04-23   298.40 -20.97   253.86 264.13   253.84 264.10    31.35  41.62   253.29 263.56   258.88 269.15   252.61 262.88
2020-04-24   298.47 -20.96   253.83 264.12   253.80 264.09    31.32  41.61   253.26 263.55   258.85 269.13   252.58 262.87
2020-04-25   298.53 -20.95   253.80 264.11   253.77 264.08    31.29  41.60   253.23 263.54   258.81 269.12   252.55 262.86
2020-04-26   298.60 -20.94   253.77 264.10   253.74 264.08    31.25  41.59   253.20 263.53   258.78 269.12   252.52 262.85
2020-04-27   298.65 -20.93   253.73 264.10   253.71 264.07    31.22  41.59   253.16 263.53   258.75 269.11   252.48 262.85
2020-04-28   298.71 -20.92   253.70 264.10   253.68 264.07    31.19  41.59   253.13 263.53   258.72 269.11   252.45 262.85
2020-04-29   298.76 -20.91   253.67 264.10   253.64 264.07    31.16  41.59   253.10 263.53   258.68 269.11   252.42 262.85
2020-04-30   298.81 -20.91   253.64 264.10   253.61 264.08    31.12  41.59   253.07 263.53   258.65 269.12   252.39 262.85
2020-05-01   298.86 -20.90   253.60 264.11   253.58 264.08    31.09  41.60   253.03 263.54   258.62 269.13   252.35 262.86
2020-05-02   298.91 -20.90   253.57 264.12   253.54 264.09    31.06  41.61   253.00 263.55   258.59 269.14   252.32 262.87
2020-05-03   298.95 -20.89   253.54 264.13   253.51 264.11    31.02  41.62   252.97 263.56   258.55 269.15   252.29 262.88
2020-05-04   298.98 -20.89   253.50 264.15   253.48 264.12    30.99  41.64   252.93 263.58   258.52 269.17   252.25 262.90
2020-05-05   299.02 -20.89   253.47 264.17   253.44 264.14    30.96  41.66   252.90 263.60   258.48 269.19   252.22 262.92
2020-05-06   299.05 -20.88   253.44 264.19   253.41 264.17    30.92  41.68   252.87 263.62   258.45 269.21   252.18 262.94
2020-05-07   299.08 -20.88   253.40 264.22   253.37 264.19    30.89  41.71   252.83 263.65   258.42 269.23   252.15 262.97
2020-05-08   299.10 -20.88   253.36 264.25   253.34 264.22    30.85  41.73   252.79 263.68   258.38 269.26   252.11 263.00
2020-05-09   299.12 -20.88   253.33 264.28   253.30 264.25    30.82  41.77   252.76 263.71   258.34 269.30   252.08 263.03
2020-05-10   299.14 -20.88   253.29 264.32   253.27 264.29    30.78  41.80   252.72 263.75   258.31 269.33   252.04 263.07
2020-05-11   299.15 -20.88   253.25 264.36   253.23 264.33    30.74  41.84   252.68 263.79   258.27 269.37   252.00 263.10
2020-05-12   299.16 -20.88   253.22 264.40   253.19 264.37    30.70  41.89   252.65 263.83   258.23 269.41   251.97 263.15
2020-05-13   299.17 -20.88   253.18 264.45   253.15 264.42    30.67  41.93   252.61 263.88   258.19 269.46   251.93 263.19
2020-05-14   299.18 -20.88   253.14 264.50   253.11 264.47    30.63  41.98   252.57 263.93   258.15 269.51   251.89 263.25
2020-05-15   299.18 -20.89   253.10 264.55   253.07 264.52    30.58  42.04   252.53 263.98   258.11 269.57   251.85 263.30
2020-05-16   299.17 -20.89   253.05 264.61   253.03 264.58    30.54  42.10   252.48 264.04   258.07 269.62   251.80 263.36
2020-05-17   299.17 -20.89   253.01 264.67   252.98 264.65    30.50  42.16   252.44 264.10   258.03 269.69   251.76 263.42
2020-05-18   299.16 -20.90   252.97 264.74   252.94 264.71    30.45  42.23   252.40 264.17   257.98 269.76   251.72 263.49
2020-05-19   299.15 -20.91   252.92 264.81   252.89 264.79    30.41  42.30   252.35 264.24   257.94 269.83   251.67 263.56
2020-05-20   299.13 -20.91   252.87 264.89   252.85 264.86    30.36  42.38   252.30 264.32   257.89 269.90   251.62 263.64
2020-05-21   299.11 -20.92   252.82 264.97   252.80 264.94    30.31  42.46   252.25 264.40   257.84 269.99   251.57 263.72
2020-05-22   299.09 -20.93   252.77 265.06   252.75 265.03    30.26  42.54   252.20 264.49   257.79 270.07   251.52 263.81
2020-05-23   299.06 -20.93   252.72 265.15   252.69 265.12    30.21  42.64   252.15 264.58   257.73 270.16   251.47 263.90
2020-05-24   299.03 -20.94   252.66 265.25   252.64 265.22    30.15  42.73   252.09 264.68   257.68 270.26   251.41 264.00
2020-05-25   299.00 -20.95   252.60 265.35   252.58 265.32    30.09  42.84   252.03 264.78   257.62 270.36   251.35 264.10
2020-05-26   298.97 -20.96   252.54 265.46   252.52 265.43    30.03  42.95   251.97 264.89   257.56 270.47   251.29 264.21
2020-05-27   298.93 -20.97   252.48 265.57   252.45 265.55    29.97  43.06   251.91 265.00   257.49 270.59   251.23 264.32
2020-05-28   298.89 -20.98   252.41 265.69   252.39 265.67    29.90  43.18   251.84 265.12   257.43 270.71   251.16 264.44
2020-05-29   298.84 -21.00   252.34 265.82   252.32 265.80    29.83  43.31   251.77 265.25   257.36 270.84   251.09 264.57
2020-05-30   298.79 -21.01   252.27 265.96   252.24 265.93    29.76  43.45   251.70 265.39   257.28 270.97   251.02 264.71
2020-05-31   298.74 -21.02   252.19 266.10   252.16 266.08    29.68  43.59   251.62 265.53   257.20 271.12   250.94 264.85
2020-06-01   298.68 -21.04   252.11 266.25   252.08 266.23    29.59  43.74   251.54 265.68   257.12 271.27   250.86 265.00
2020-06-02   298.62 -21.05   252.02 266.41   251.99 266.39    29.51  43.90   251.45 265.84   257.03 271.43   250.77 265.16

2020-08-26   289.03 -22.69    75.05  89.32    75.03  89.29   212.54 226.81    74.48  88.75    80.07  94.33    73.80  88.07
2020-08-27   288.97 -22.69    75.21  89.24    75.19  89.21   212.70 226.73    74.64  88.67    80.23  94.25    73.96  87.99
2020-08-28   288.91 -22.70    75.37  89.16    75.34  89.14   212.86 226.65    74.80  88.59    80.38  94.18    74.12  87.91
2020-08-29   288.86 -22.71    75.51  89.09    75.49  89.06   213.00 226.58    74.94  88.52    80.53  94.11    74.26  87.84
2020-08-30   288.81 -22.71    75.65  89.02    75.63  89.00   213.14 226.51    75.08  88.45    80.67  94.04    74.40  87.77
2020-08-31   288.76 -22.72    75.78  88.96    75.76  88.93   213.27 226.44    75.21  88.39    80.80  93.97    74.53  87.71
2020-09-01   288.72 -22.73    75.91  88.90    75.88  88.87   213.39 226.38    75.34  88.33    80.92  93.91    74.66  87.65
2020-09-02   288.68 -22.73    76.02  88.84    76.00  88.81   213.51 226.33    75.45  88.27    81.04  93.85    74.77  87.59
2020-09-03   288.64 -22.74    76.14  88.78    76.11  88.76   213.62 226.27    75.57  88.21    81.15  93.80    74.88  87.53
2020-09-04   288.61 -22.74    76.24  88.73    76.21  88.70   213.73 226.22    75.67  88.16    81.26  93.75    74.99  87.48
2020-09-05   288.58 -22.74    76.34  88.68    76.31  88.65   213.83 226.17    75.77  88.11    81.36  93.70    75.09  87.43
2020-09-06   288.55 -22.75    76.43  88.63    76.41  88.61   213.92 226.12    75.86  88.06    81.45  93.65    75.18  87.38
2020-09-07   288.53 -22.75    76.52  88.59    76.50  88.56   214.01 226.07    75.95  88.02    81.54  93.60    75.27  87.34
2020-09-08   288.51 -22.75    76.61  88.54    76.58  88.52   214.09 226.03    76.04  87.97    81.62  93.56    75.36  87.29
2020-09-09   288.49 -22.75    76.69  88.50    76.66  88.47   214.17 225.99    76.12  87.93    81.70  93.51    75.43  87.25
2020-09-10   288.48 -22.76    76.76  88.46    76.73  88.43   214.25 225.94    76.19  87.89    81.77  93.47    75.51  87.21
2020-09-11   288.47 -22.76    76.83  88.42    76.80  88.39   214.32 225.90    76.26  87.85    81.84  93.43    75.58  87.17
2020-09-12   288.47 -22.76    76.89  88.38    76.87  88.35   214.38 225.87    76.32  87.81    81.91  93.39    75.64  87.13
2020-09-13   288.47 -22.76    76.95  88.34    76.93  88.31   214.44 225.83    76.38  87.77    81.97  93.36    75.70  87.09
2020-09-14   288.47 -22.76    77.01  88.30    76.98  88.28   214.50 225.79    76.44  87.73    82.03  93.32    75.76  87.05
2020-09-15   288.47 -22.76    77.06  88.27    77.04  88.24   214.55 225.76    76.49  87.70    82.08  93.28    75.81  87.02
2020-09-16   288.48 -22.76    77.11  88.23    77.09  88.21   214.60 225.72    76.54  87.66    82.13  93.25    75.86  86.98
2020-09-17   288.49 -22.76    77.16  88.20    77.13  88.17   214.64 225.69    76.59  87.63    82.17  93.21    75.91  86.95
2020-09-18   288.51 -22.75    77.20  88.17    77.17  88.14   214.68 225.65    76.63  87.60    82.21  93.18    75.95  86.92
2020-09-19   288.53 -22.75    77.23  88.13    77.21  88.11   214.72 225.62    76.66  87.56    82.25  93.15    75.98  86.88
2020-09-20   288.55 -22.75    77.27  88.10    77.24  88.07   214.76 225.59    76.70  87.53    82.28  93.12    76.02  86.85
2020-09-21   288.58 -22.75    77.30  88.07    77.27  88.04   214.79 225.56    76.73  87.50    82.31  93.08    76.05  86.82
2020-09-22   288.61 -22.74    77.33  88.04    77.30  88.01   214.81 225.52    76.76  87.47    82.34  93.05    76.07  86.79
2020-09-23   288.64 -22.74    77.35  88.01    77.32  87.98   214.84 225.49    76.78  87.44    82.36  93.02    76.10  86.75
2020-09-24   288.68 -22.74    77.37  87.97    77.34  87.95   214.86 225.46    76.80  87.40    82.38  92.99    76.12  86.72
2020-09-25   288.72 -22.73    77.39  87.94    77.36  87.92   214.87 225.43    76.82  87.37    82.40  92.96    76.14  86.69
2020-09-26   288.76 -22.73    77.40  87.91    77.37  87.89   214.89 225.40    76.83  87.34    82.42  92.93    76.15  86.66
2020-09-27   288.81 -22.72    77.41  87.88    77.39  87.86   214.90 225.37    76.84  87.31    82.43  92.90    76.16  86.63
2020-09-28   288.86 -22.72    77.42  87.85    77.39  87.83   214.91 225.34    76.85  87.28    82.43  92.87    76.17  86.60
2020-09-29   288.91 -22.71    77.42  87.82    77.40  87.80   214.91 225.31    76.85  87.25    82.44  92.84    76.17  86.57
2020-09-30   288.97 -22.70    77.43  87.79    77.40  87.77   214.91 225.28    76.86  87.22    82.44  92.81    76.18  86.54
2020-10-01   289.03 -22.70    77.43  87.76    77.40  87.74   214.91 225.25    76.86  87.19    82.44  92.78    76.18  86.51
2020-10-02   289.09 -22.69    77.42  87.74    77.40  87.71   214.91 225.22    76.85  87.17    82.44  92.75    76.17  86.48
2020-10-03   289.16 -22.68    77.42  87.71    77.39  87.68   214.90 225.19    76.85  87.14    82.43  92.72    76.17  86.45
2020-10-04   289.23 -22.67    77.41  87.68    77.38  87.65   214.89 225.16    76.84  87.11    82.42  92.69    76.16  86.43
2020-10-05   289.30 -22.67    77.40  87.65    77.37  87.62   214.88 225.13    76.83  87.08    82.41  92.66    76.14  86.40
2020-10-06   289.38 -22.66    77.38  87.62    77.35  87.59   214.87 225.10    76.81  87.05    82.40  92.63    76.13  86.37
2020-10-07   289.46 -22.65    77.36  87.59    77.34  87.56   214.85 225.08    76.79  87.02    82.38  92.60    76.11  86.34
2020-10-08   289.54 -22.64    77.34  87.56    77.32  87.53   214.83 225.05    76.77  86.99    82.36  92.57    76.09  86.31
2020-10-09   289.63 -22.63    77.32  87.53    77.30  87.50   214.81 225.02    76.75  86.96    82.34  92.55    76.07  86.28
2020-10-10   289.71 -22.62    77.30  87.50    77.27  87.47   214.79 224.99    76.73  86.93    82.31  92.52    76.05  86.25
2020-10-11   289.81 -22.61    77.27  87.47    77.24  87.45   214.76 224.96    76.70  86.90    82.29  92.49    76.02  86.22
2020-10-12   289.90 -22.59    77.24  87.44    77.22  87.42   214.73 224.93    76.67  86.87    82.26  92.46    75.99  86.19
2020-10-13   290.00 -22.58    77.21  87.41    77.18  87.39   214.70 224.90    76.64  86.84    82.23  92.43    75.96  86.16
2020-10-14   290.10 -22.57    77.18  87.38    77.15  87.36   214.66 224.87    76.61  86.81    82.19  92.40    75.93  86.13
2020-10-15   290.20 -22.56    77.60  86.90    77.57  86.87   215.09 224.38    77.03  86.33    82.62  91.91    76.35  85.64
2020-10-16   290.31 -22.54    78.12  86.31    78.09  86.28   215.61 223.80    77.55  85.74    83.13  91.32    76.87  85.06
2020-10-17   290.42 -22.53    78.63  85.72    78.61  85.70   216.12 223.21    78.06  85.15    83.65  90.74    77.38  84.47

2021-05-17   332.52 -12.17   245.30 253.15   245.28 253.13    22.79  30.64   244.73 252.58   250.32 258.17   244.05 251.90
2021-05-18   332.62 -12.14   244.76 253.69   244.74 253.66    22.25  31.17   244.19 253.12   249.78 258.70   243.51 252.43
2021-05-19   332.71 -12.10   244.22 254.22   244.19 254.19    21.71  31.71   243.65 253.65   249.24 259.24   242.97 252.97
2021-05-20   332.81 -12.07   244.11 254.32   244.09 254.29    21.60  31.81   243.54 253.75   249.13 259.33   242.86 253.07
2021-05-21   332.90 -12.05   244.11 254.32   244.09 254.29    21.60  31.80   243.54 253.75   249.13 259.33   242.86 253.06
2021-05-22   332.99 -12.02   244.11 254.31   244.09 254.29    21.60  31.80   243.54 253.74   249.13 259.33   242.86 253.06
2021-05-23   333.08 -11.99   244.11 254.31   244.09 254.29    21.60  31.80   243.54 253.74   249.13 259.33   242.86 253.06
2021-05-24   333.16 -11.96   244.11 254.32   244.08 254.29    21.60  31.80   243.54 253.75   249.13 259.33   242.86 253.06
2021-05-25   333.24 -11.94   244.11 254.32   244.08 254.29    21.60  31.81   243.54 253.75   249.12 259.33   242.86 253.07
2021-05-26   333.32 -11.92   244.11 254.32   244.08 254.30    21.59  31.81   243.54 253.75   249.12 259.34   242.86 253.07
2021-05-27   333.40 -11.89   244.10 254.33   244.08 254.31    21.59  31.82   243.53 253.76   249.12 259.35   242.85 253.08
2021-05-28   333.47 -11.87   244.10 254.34   244.07 254.32    21.59  31.83   243.53 253.77   249.12 259.36   242.85 253.09
2021-05-29   333.54 -11.85   244.10 254.35   244.07 254.33    21.58  31.84   243.53 253.78   249.11 259.37   242.85 253.10
2021-05-30   333.61 -11.83   244.09 254.37   244.07 254.34    21.58  31.86   243.52 253.80   249.11 259.38   242.84 253.12
2021-05-31   333.67 -11.81   244.09 254.38   244.06 254.36    21.57  31.87   243.52 253.81   249.10 259.40   242.84 253.13
2021-06-01   333.74 -11.79   244.08 254.40   244.06 254.38    21.57  31.89   243.51 253.83   249.10 259.42   242.83 253.15
2021-06-02   333.80 -11.78   244.08 254.42   244.05 254.40    21.56  31.91   243.51 253.85   249.09 259.44   242.83 253.17
2021-06-03   333.85 -11.76   244.07 254.45   244.04 254.42    21.56  31.93   243.50 253.88   249.09 259.46   242.82 253.20
2021-06-04   333.91 -11.75   244.06 254.47   244.04 254.45    21.55  31.96   243.49 253.90   249.08 259.49   242.81 253.22
2021-06-05   333.96 -11.73   244.06 254.50   244.03 254.47    21.54  31.99   243.49 253.93   249.07 259.51   242.81 253.25
2021-06-06   334.00 -11.72   244.05 254.53   244.02 254.50    21.54  32.02   243.48 253.96   249.06 259.55   242.80 253.28
2021-06-07   334.05 -11.71   244.04 254.56   244.01 254.54    21.53  32.05   243.47 253.99   249.05 259.58   242.79 253.31
2021-06-08   334.09 -11.70   244.03 254.60   244.00 254.57    21.52  32.08   243.46 254.03   249.05 259.61   242.78 253.35
2021-06-09   334.13 -11.69   244.02 254.64   243.99 254.61    21.51  32.12   243.45 254.07   249.04 259.65   242.77 253.38
2021-06-10   334.17 -11.68   244.01 254.68   243.98 254.65    21.50  32.16   243.44 254.11   249.02 259.69   242.76 253.42
2021-06-11   334.20 -11.68   244.00 254.72   243.97 254.69    21.49  32.21   243.43 254.15   249.01 259.73   242.75 253.47
2021-06-12   334.23 -11.67   243.99 254.76   243.96 254.74    21.47  32.25   243.42 254.19   249.00 259.78   242.74 253.51
2021-06-13   334.25 -11.67   243.97 254.81   243.95 254.79    21.46  32.30   243.40 254.24   248.99 259.83   242.72 253.56
2021-06-14   334.28 -11.67   243.96 254.86   243.93 254.84    21.45  32.35   243.39 254.29   248.97 259.88   242.71 253.61
2021-06-15   334.30 -11.66   243.94 254.92   243.92 254.89    21.43  32.41   243.37 254.35   248.96 259.94   242.69 253.67
2021-06-16   334.32 -11.66   243.93 254.98   243.90 254.95    21.42  32.47   243.36 254.41   248.94 259.99   242.68 253.73
2021-06-17   334.33 -11.66   243.91 255.04   243.88 255.01    21.40  32.53   243.34 254.47   248.93 260.05   242.66 253.79
2021-06-18   334.34 -11.66   243.89 255.10   243.87 255.08    21.38  32.59   243.32 254.53   248.91 260.12   242.64 253.85
2021-06-19   334.35 -11.67   243.87 255.17   243.85 255.15    21.36  32.66   243.30 254.60   248.89 260.19   242.62 253.92
2021-06-20   334.35 -11.67   243.85 255.24   243.83 255.22    21.34  32.73   243.28 254.67   248.87 260.26   242.60 253.99
2021-06-21   334.35 -11.68   243.83 255.32   243.80 255.29    21.32  32.81   243.26 254.75   248.85 260.33   242.58 254.07
2021-06-22   334.35 -11.68   243.81 255.40   243.78 255.37    21.29  32.89   243.24 254.83   248.82 260.41   242.56 254.15
2021-06-23   334.35 -11.69   243.78 255.48   243.75 255.46    21.27  32.97   243.21 254.91   248.80 260.50   242.53 254.23
2021-06-24   334.34 -11.70   243.75 255.57   243.73 255.54    21.24  33.06   243.18 255.00   248.77 260.58   242.50 254.32
2021-06-25   334.33 -11.71   243.73 255.66   243.70 255.64    21.21  33.15   243.16 255.09   248.74 260.68   242.47 254.41
2021-06-26   334.32 -11.72   243.69 255.76   243.67 255.73    21.18  33.25   243.12 255.19   248.71 260.77   242.44 254.51
2021-06-27   334.30 -11.73   243.66 255.86   243.64 255.83    21.15  33.35   243.09 255.29   248.68 260.87   242.41 254.61
2021-06-28   334.28 -11.75   243.63 255.97   243.60 255.94    21.11  33.45   243.06 255.40   248.64 260.98   242.38 254.72
2021-06-29   334.25 -11.76   243.59 256.08   243.56 256.05    21.08  33.57   243.02 255.51   248.61 261.09   242.34 254.83
2021-06-30   334.23 -11.78   243.55 256.20   243.52 256.17    21.04  33.68   242.98 255.63   248.57 261.21   242.30 254.94
2021-07-01   334.20 -11.79   243.51 256.32   243.48 256.29    21.00  33.81   242.94 255.75   248.52 261.33   242.26 255.07
2021-07-02   334.16 -11.81   243.46 256.45   243.44 256.42    20.95  33.93   242.89 255.88   248.48 261.46   242.21 255.20
2021-07-03   334.13 -11.83   243.41 256.58   243.39 256.56    20.90  34.07   242.84 256.01   248.43 261.60   242.16 255.33
2021-07-04   334.09 -11.85   243.36 256.73   243.34 256.70    20.85  34.21   242.79 256.16   248.38 261.74   242.11 255.47
2021-07-05   334.04 -11.87   243.31 256.87   243.28 256.85    20.80  34.36   242.74 256.30   248.32 261.89   242.06 255.62
2021-07-06   334.00 -11.89   243.25 257.03   243.22 257.01    20.74  34.52   242.68 256.46   248.26 262.05   242.00 255.78
2021-07-07   333.95 -11.92   243.19 257.20   243.16 257.17    20.67  34.68   242.62 256.63   248.20 262.21   241.93 255.95
2021-07-08   333.90 -11.94   243.12 257.37   243.09 257.34    20.60  34.86   242.55 256.80   248.13 262.39   241.87 256.12

2021-10-01   325.14 -15.13    62.82  77.15    62.79  77.13   200.31 214.64    62.25  76.58    67.84  82.17    61.57  75.90
2021-10-02   325.09 -15.15    63.00  77.08    62.97  77.06   200.48 214.57    62.43  76.51    68.01  82.10    61.75  75.83
2021-10-03   325.04 -15.17    63.17  77.02    63.14  76.99   200.65 214.50    62.60  76.45    68.18  82.03    61.91  75.76
2021-10-04   324.99 -15.18    63.32  76.95    63.30  76.93   200.81 214.44    62.75  76.38    68.34  81.97    62.07  75.70
2021-10-05   324.94 -15.19    63.48  76.89    63.45  76.87   200.96 214.38    62.91  76.32    68.49  81.91    62.23  75.64
2021-10-06   324.90 -15.21    63.62  76.84    63.59  76.81   201.11 214.33    63.05  76.27    68.63  81.85    62.37  75.59
2021-10-07   324.86 -15.22    63.76  76.79    63.73  76.76   201.24 214.27    63.19  76.22    68.77  81.80    62.51  75.54
2021-10-08   324.83 -15.23    63.89  76.74    63.86  76.71   201.37 214.22    63.32  76.17    68.90  81.75    62.64  75.49
2021-10-09   324.79 -15.24    64.01  76.69    63.98  76.66   201.50 214.18    63.44  76.12    69.02  81.71    62.76  75.44
2021-10-10   324.76 -15.24    64.13  76.65    64.10  76.62   201.61 214.13    63.56  76.08    69.14  81.66    62.88  75.40
2021-10-11   324.74 -15.25    64.24  76.61    64.21  76.58   201.72 214.09    63.67  76.04    69.25  81.62    62.99  75.35
2021-10-12   324.72 -15.26    64.34  76.57    64.32  76.54   201.83 214.05    63.77  76.00    69.36  81.58    63.09  75.32
2021-10-13   324.70 -15.26    64.44  76.53    64.42  76.50   201.93 214.02    63.87  75.96    69.46  81.54    63.19  75.28
2021-10-14   324.68 -15.26    64.54  76.49    64.51  76.47   202.03 213.98    63.97  75.92    69.55  81.51    63.29  75.24
2021-10-15   324.67 -15.27    64.63  76.46    64.60  76.43   202.12 213.95    64.06  75.89    69.64  81.48    63.38  75.21
2021-10-16   324.66 -15.27    64.71  76.43    64.69  76.40   202.20 213.92    64.14  75.86    69.73  81.44    63.46  75.18
2021-10-17   324.65 -15.27    64.80  76.40    64.77  76.37   202.28 213.89    64.23  75.83    69.81  81.41    63.55  75.15
2021-10-18   324.65 -15.27    64.87  76.37    64.85  76.34   202.36 213.86    64.30  75.80    69.89  81.38    63.62  75.12
2021-10-19   324.65 -15.26    64.95  76.34    64.92  76.32   202.43 213.83    64.38  75.77    69.96  81.36    63.69  75.09
2021-10-20   324.65 -15.26    65.01  76.32    64.99  76.29   202.50 213.80    64.44  75.75    70.03  81.33    63.76  75.06
2021-10-21   324.66 -15.26    65.08  76.29    65.05  76.26   202.57 213.78    64.51  75.72    70.09  81.31    63.83  75.04
2021-10-22   324.67 -15.25    65.14  76.27    65.11  76.24   202.63 213.75    64.57  75.70    70.15  81.28    63.89  75.02
2021-10-23   324.69 -15.24    65.20  76.24    65.17  76.22   202.68 213.73    64.63  75.67    70.21  81.26    63.95  74.99
2021-10-24   324.70 -15.24    65.25  76.22    65.22  76.19   202.74 213.71    64.68  75.65    70.27  81.24    64.00  74.97
2021-10-25   324.72 -15.23    65.30  76.20    65.27  76.17   202.79 213.69    64.73  75.63    70.32  81.22    64.05  74.95
2021-10-26   324.75 -15.22    65.35  76.18    65.32  76.15   202.83 213.67    64.78  75.61    70.36  81.19    64.10  74.93
2021-10-27   324.77 -15.21    65.39  76.16    65.36  76.13   202.88 213.65    64.82  75.59    70.41  81.18    64.14  74.91
2021-10-28   324.80 -15.20    65.43  76.14    65.40  76.12   202.92 213.63    64.86  75.57    70.45  81.16    64.18  74.89
2021-10-29   324.84 -15.18    65.47  76.12    65.44  76.10   202.96 213.61    64.90  75.55    70.48  81.14    64.22  74.87
2021-10-30   324.87 -15.17    65.50  76.11    65.48  76.08   202.99 213.59    64.93  75.54    70.52  81.12    64.25  74.86
2021-10-31   324.91 -15.15    65.54  76.09    65.51  76.06   203.02 213.58    64.97  75.52    70.55  81.10    64.28  74.84
2021-11-01   324.96 -15.14    65.56  76.07    65.54  76.05   203.05 213.56    64.99  75.50    70.58  81.09    64.31  74.82
2021-11-02   325.00 -15.12    65.59  76.06    65.56  76.03   203.08 213.55    65.02  75.49    70.61  81.07    64.34  74.81
2021-11-03   325.05 -15.10    65.61  76.04    65.59  76.02   203.10 213.53    65.04  75.47    70.63  81.06    64.36  74.79
2021-11-04   325.10 -15.08    65.63  76.03    65.61  76.00   203.12 213.52    65.06  75.46    70.65  81.04    64.38  74.78
2021-11-05   325.16 -15.06    65.65  76.02    65.63  75.99   203.14 213.50    65.08  75.45    70.67  81.03    64.40  74.76
2021-11-06   325.22 -15.04    65.67  76.00    65.64  75.98   203.16 213.49    65.10  75.43    70.68  81.02    64.42  74.75
2021-11-07   325.28 -15.02    65.68  75.99    65.66  75.96   203.17 213.48    65.11  75.42    70.70  81.00    64.43  74.74
2021-11-08   325.34 -15.00    65.69  75.98    65.67  75.95   203.18 213.46    65.12  75.41    70.71  80.99    64.44  74.73
2021-11-09   325.41 -14.97    65.70  75.97    65.67  75.94   203.19 213.45    65.13  75.40    70.72  80.98    64.45  74.72
2021-11-10   325.48 -14.95    65.71  75.95    65.68  75.93   203.19 213.44    65.14  75.38    70.72  80.97    64.46  74.70
2021-11-11   325.56 -14.92    65.71  75.94    65.68  75.92   203.20 213.43    65.14  75.37    70.73  80.96    64.46  74.69
2021-11-12   325.63 -14.89    65.71  75.93    65.69  75.91   203.20 213.42    65.14  75.36    70.73  80.95    64.46  74.68
2021-11-13   325.71 -14.86    65.71  75.92    65.69  75.90   203.20 213.41    65.14  75.35    70.73  80.94    64.46  74.67
2021-11-14   325.80 -14.83    65.71  75.92    65.68  75.89   203.20 213.40    65.14  75.35    70.73  80.93    64.46  74.66
2021-11-15   325.88 -14.80    65.71  75.91    65.68  75.88   203.19 213.39    65.14  75.34    70.72  80.92    64.45  74.66
2021-11-16   325.97 -14.77    65.70  75.90    65.67  75.87   203.19 213.39    65.13  75.33    70.71  80.91    64.45  74.65
2021-11-17   326.06 -14.74    65.69  75.89    65.66  75.86   203.18 213.38    65.12  75.32    70.71  80.91    64.44  74.64
2021-11-18   326.15 -14.71    65.68  75.88    65.65  75.86   203.17 213.37    65.11  75.31    70.69  80.90    64.43  74.63
2021-11-19   326.25 -14.67    65.82  75.73    65.79  75.70   203.31 213.21    65.25  75.16    70.83  80.74    64.57  74.48
2021-11-20   326.35 -14.64    66.37  75.15    66.35  75.12   203.86 212.64    65.80  74.58    71.39  80.17    65.12  73.90
2021-11-21   326.45 -14.60    66.93  74.57    66.90  74.55   204.41 212.06    66.36  74.00    71.94  79.59    65.68  73.32

2022-06-24     6.56   1.44   242.88 250.54   242.86 250.51    20.37  28.03   242.31 249.97   247.90 255.56   241.63 249.29
2022-06-25     6.66   1.48   242.37 251.10   242.35 251.08    19.86  28.59   241.80 250.53   247.39 256.12   241.12 249.85
2022-06-26     6.75   1.51   241.86 251.67   241.83 251.64    19.35  29.16   241.29 251.10   246.87 256.68   240.61 250.42
2022-06-27     6.85   1.55   241.69 251.89   241.66 251.87    19.17  29.38   241.12 251.32   246.70 256.91   240.44 250.64
2022-06-28     6.94   1.58   241.71 251.92   241.69 251.89    19.20  29.40   241.14 251.35   246.73 256.93   240.46 250.66
2022-06-29     7.02   1.61   241.74 251.94   241.71 251.91    19.23  29.43   241.17 251.37   246.75 256.95   240.49 250.69
2022-06-30     7.11   1.65   241.76 251.97   241.74 251.94    19.25  29.45   241.19 251.40   246.78 256.98   240.51 250.71
2022-07-01     7.19   1.68   241.79 251.99   241.76 251.97    19.28  29.48   241.22 251.42   246.80 257.01   240.54 250.74
2022-07-02     7.27   1.70   241.81 252.02   241.78 251.99    19.30  29.51   241.24 251.45   246.83 257.04   240.56 250.77
2022-07-03     7.35   1.73   241.83 252.05   241.81 252.02    19.32  29.54   241.26 251.48   246.85 257.06   240.58 250.80
2022-07-04     7.43   1.76   241.85 252.08   241.83 252.05    19.34  29.57   241.28 251.51   246.87 257.09   240.60 250.83
2022-07-05     7.50   1.79   241.87 252.11   241.84 252.08    19.36  29.60   241.30 251.54   246.89 257.13   240.62 250.86
2022-07-06     7.57   1.81   241.89 252.14   241.86 252.12    19.38  29.63   241.32 251.57   246.90 257.16   240.64 250.89
2022-07-07     7.63   1.83   241.90 252.18   241.88 252.15    19.39  29.67   241.33 251.61   246.92 257.19   240.65 250.93
2022-07-08     7.70   1.86   241.92 252.21   241.89 252.19    19.41  29.70   241.35 251.64   246.93 257.23   240.67 250.96
2022-07-09     7.76   1.88   241.93 252.25   241.91 252.22    19.42  29.74   241.36 251.68   246.95 257.27   240.68 251.00
2022-07-10     7.82   1.90   241.95 252.29   241.92 252.26    19.43  29.78   241.38 251.72   246.96 257.30   240.69 251.04
2022-07-11     7.87   1.91   241.96 252.33   241.93 252.30    19.44  29.82   241.39 251.76   246.97 257.34   240.71 251.08
2022-07-12     7.93   1.93   241.97 252.37   241.94 252.34    19.45  29.86   241.40 251.80   246.98 257.39   240.72 251.12
2022-07-13     7.97   1.95   241.97 252.41   241.95 252.39    19.46  29.90   241.40 251.84   246.99 257.43   240.72 251.16
2022-07-14     8.02   1.96   241.98 252.46   241.95 252.43    19.47  29.95   241.41 251.89   247.00 257.47   240.73 251.21
2022-07-15     8.06   1.98   241.99 252.50   241.96 252.48    19.47  29.99   241.42 251.93   247.00 257.52   240.74 251.25
2022-07-16     8.11   1.99   241.99 252.55   241.96 252.53    19.48  30.04   241.42 251.98   247.00 257.57   240.74 251.30
2022-07-17     8.14   2.00   241.99 252.60   241.97 252.57    19.48  30.09   241.42 252.03   247.01 257.62   240.74 251.35
2022-07-18     8.18   2.01   241.99 252.65   241.97 252.63    19.48  30.14   241.42 252.08   247.01 257.67   240.74 251.40
2022-07-19     8.21   2.02   241.99 252.71   241.97 252.68    19.48  30.19   241.42 252.14   247.01 257.72   240.74 251.46
2022-07-20     8.24   2.03   241.99 252.76   241.96 252.73    19.48  30.25   241.42 252.19   247.00 257.78   240.74 251.51
2022-07-21     8.26   2.03   241.98 252.82   241.96 252.79    19.47  30.31   241.41 252.25   247.00 257.83   240.73 251.57
2022-07-22     8.29   2.04   241.98 252.88   241.95 252.85    19.47  30.37   241.41 252.31   246.99 257.89   240.73 251.63
2022-07-23     8.31   2.04   241.97 252.94   241.94 252.91    19.46  30.43   241.40 252.37   246.99 257.96   240.72 251.69
2022-07-24     8.32   2.04   241.96 253.00   241.93 252.98    19.45  30.49   241.39 252.43   246.98 258.02   240.71 251.75
2022-07-25     8.34   2.04   241.95 253.07   241.92 253.04    19.44  30.56   241.38 252.50   246.97 258.09   240.70 251.82
2022-07-26     8.35   2.04   241.94 253.14   241.91 253.11    19.42  30.63   241.37 252.57   246.95 258.16   240.69 251.89
2022-07-27     8.35   2.04   241.92 253.21   241.89 253.19    19.41  30.70   241.35 252.64   246.94 258.23   240.67 251.96
2022-07-28     8.36   2.04   241.90 253.29   241.88 253.26    19.39  30.77   241.33 252.72   246.92 258.30   240.65 252.04
2022-07-29     8.36   2.03   241.88 253.37   241.86 253.34    19.37  30.85   241.31 252.80   246.90 258.38   240.63 252.11
2022-07-30     8.36   2.03   241.86 253.45   241.84 253.42    19.35  30.93   241.29 252.88   246.88 258.46   240.61 252.20
2022-07-31     8.35   2.02   241.84 253.53   241.81 253.50    19.33  31.02   241.27 252.96   246.85 258.55   240.59 252.28
2022-08-01     8.34   2.01   241.81 253.62   241.79 253.59    19.30  31.11   241.24 253.05   246.83 258.63   240.56 252.37
2022-08-02     8.33   2.01   241.78 253.71   241.76 253.68    19.27  31.20   241.21 253.14   246.80 258.73   240.53 252.46
2022-08-03     8.32   1.99   241.75 253.81   241.73 253.78    19.24  31.29   241.18 253.24   246.77 258.82   240.50 252.55
2022-08-04     8.30   1.98   241.72 253.90   241.69 253.88    19.21  31.39   241.15 253.33   246.73 258.92   240.47 252.65
2022-08-05     8.28   1.97   241.68 254.01   241.65 253.98    19.17  31.50   241.11 253.44   246.70 259.02   240.43 252.76
2022-08-06     8.26   1.96   241.64 254.12   241.62 254.09    19.13  31.60   241.07 253.55   246.66 259.13   240.39 252.87
2022-08-07     8.23   1.94   241.60 254.23   241.57 254.20    19.09  31.72   241.03 253.66   246.61 259.25   240.35 252.98
2022-08-08     8.20   1.92   241.55 254.35   241.53 254.32    19.04  31.84   240.98 253.78   246.57 259.36   240.30 253.10
2022-08-09     8.17   1.91   241.50 254.47   241.48 254.45    18.99  31.96   240.93 253.90   246.52 259.49   240.25 253.22
2022-08-10     8.13   1.89   241.45 254.60   241.42 254.58    18.94  32.09   240.88 254.03   246.47 259.62   240.20 253.35
2022-08-11     8.09   1.87   241.39 254.74   241.37 254.71    18.88  32.23   240.82 254.17   246.41 259.75   240.14 253.49
2022-08-12     8.05   1.84   241.33 254.88   241.31 254.86    18.82  32.37   240.76 254.31   246.35 259.90   240.08 253.63
2022-08-13     8.01   1.82   241.27 255.03   241.24 255.01    18.75  32.52   240.70 254.46   246.28 260.05   240.02 253.78
2022-08-14     7.96   1.80   241.20 255.19   241.17 255.16    18.68  32.68   240.63 254.62   246.21 260.21   239.95 253.94
2022-08-15     7.91   1.77   241.12 255.36   241.10 255.33    18.61  32.84   240.55 254.79   246.14 260.37   239.87 254.10

2022-11-07   359.61  -1.83    57.93  72.35    57.90  72.32   195.41 209.83    57.36  71.78    62.94  77.36    56.67  71.09
2022-11-08   359.56  -1.85    58.11  72.27    58.08  72.24   195.59 209.75    57.54  71.70    63.12  77.28    56.86  71.02
2022-11-09   359.51  -1.86    58.28  72.19    58.25  72.17   195.76 209.68    57.71  71.62    63.29  77.21    57.03  70.94
2022-11-10   359.46  -1.88    58.44  72.13    58.41  72.10   195.93 209.61    57.87  71.56    63.46  77.14    57.19  70.88
2022-11-11   359.41  -1.90    58.60  72.06    58.57  72.04   196.08 209.55    58.03  71.49    63.61  77.08    57.34  70.81
2022-11-12   359.37  -1.91    58.74  72.00    58.72  71.98   196.23 209.49    58.17  71.43    63.76  77.02    57.49  70.75
2022-11-13   359.33  -1.92    58.88  71.95    58.86  71.92   196.37 209.44    58.31  71.38    63.90  76.96    57.63  70.70
2022-11-14   359.30  -1.94    59.02  71.90    58.99  71.87   196.50 209.38    58.45  71.33    64.03  76.91    57.77  70.65
2022-11-15   359.27  -1.95    59.14  71.85    59.12  71.82   196.63 209.34    58.57  71.28    64.16  76.86    57.89  70.60
2022-11-16   359.24  -1.95    59.27  71.80    59.24  71.78   196.75 209.29    58.70  71.23    64.28  76.82    58.02  70.55
2022-11-17   359.21  -1.96    59.38  71.76    59.36  71.74   196.87 209.25    58.81  71.19    64.40  76.78    58.13  70.51
2022-11-18   359.19  -1.97    59.49  71.72    59.47  71.70   196.98 209.21    58.92  71.15    64.51  76.74    58.24  70.47
2022-11-19   359.17  -1.97    59.60  71.69    59.57  71.66   197.09 209.17    59.03  71.12    64.61  76.70    58.35  70.44
2022-11-20   359.15  -1.98    59.70  71.65    59.67  71.63   197.19 209.14    59.13  71.08    64.72  76.67    58.45  70.40
2022-11-21   359.14  -1.98    59.80  71.62    59.77  71.60   197.28 209.11    59.23  71.05    64.81  76.64    58.55  70.37
2022-11-22   359.13  -1.98    59.89  71.60    59.86  71.57   197.38 209.08    59.32  71.03    64.90  76.61    58.64  70.34
2022-11-23   359.12  -1.98    59.98  71.57    59.95  71.54   197.46 209.06    59.41  71.00    64.99  76.58    58.73  70.32
2022-11-24   359.12  -1.98    60.06  71.55    60.04  71.52   197.55 209.03    59.49  70.98    65.08  76.56    58.81  70.29
2022-11-25   359.12  -1.97    60.14  71.52    60.12  71.50   197.63 209.01    59.57  70.95    65.16  76.54    58.89  70.27
2022-11-26   359.12  -1.97    60.22  71.50    60.19  71.48   197.71 208.99    59.65  70.93    65.23  76.52    58.97  70.25
2022-11-27   359.12  -1.96    60.29  71.49    60.27  71.46   197.78 208.97    59.72  70.92    65.31  76.50    59.04  70.24
2022-11-28   359.13  -1.95    60.36  71.47    60.34  71.44   197.85 208.96    59.79  70.90    65.38  76.49    59.11  70.22
2022-11-29   359.15  -1.94    60.43  71.46    60.40  71.43   197.92 208.94    59.86  70.89    65.45  76.47    59.18  70.21
2022-11-30   359.16  -1.93    60.50  71.45    60.47  71.42   197.98 208.93    59.93  70.88    65.51  76.46    59.25  70.19
2022-12-01   359.18  -1.92    60.56  71.44    60.53  71.41   198.05 208.92    59.99  70.87    65.57  76.45    59.31  70.18
2022-12-02   359.20  -1.91    60.62  71.43    60.59  71.40   198.10 208.91    60.05  70.86    65.63  76.44    59.37  70.18
2022-12-03   359.22  -1.89    60.67  71.42    60.65  71.39   198.16 208.91    60.10  70.85    65.69  76.43    59.42  70.17
2022-12-04   359.25  -1.87    60.73  71.41    60.70  71.39   198.21 208.90    60.16  70.84    65.74  76.43    59.48  70.16
2022-12-05   359.28  -1.86    60.78  71.41    60.75  71.38   198.27 208.90    60.21  70.84    65.79  76.43    59.53  70.16
2022-12-06   359.32  -1.84    60.83  71.41    60.80  71.38   198.32 208.89    60.26  70.84    65.84  76.42    59.58  70.16
2022-12-07   359.35  -1.82    60.88  71.41    60.85  71.38   198.36 208.89    60.31  70.84    65.89  76.42    59.62  70.16
2022-12-08   359.40  -1.80    60.92  71.41    60.89  71.38   198.41 208.89    60.35  70.84    65.94  76.42    59.67  70.16
2022-12-09   359.44  -1.77    60.96  71.41    60.94  71.38   198.45 208.90    60.39  70.84    65.98  76.42    59.71  70.16
2022-12-10   359.48  -1.75    61.00  71.41    60.98  71.39   198.49 208.90    60.43  70.84    66.02  76.43    59.75  70.16
2022-12-11   359.53  -1.72    61.04  71.42    61.02  71.39   198.53 208.90    60.47  70.85    66.06  76.43    59.79  70.17
2022-12-12   359.59  -1.70    61.08  71.42    61.05  71.40   198.57 208.91    60.51  70.85    66.09  76.44    59.83  70.17
2022-12-13   359.64  -1.67    61.11  71.43    61.09  71.40   198.60 208.92    60.54  70.86    66.13  76.45    59.86  70.18
2022-12-14   359.70  -1.64    61.15  71.44    61.12  71.41   198.64 208.93    60.58  70.87    66.16  76.45    59.90  70.19
2022-12-15   359.76  -1.61    61.18  71.45    61.15  71.42   198.67 208.94    60.61  70.88    66.20  76.46    59.93  70.20
2022-12-16   359.83  -1.57    61.21  71.46    61.18  71.43   198.70 208.95    60.64  70.89    66.23  76.48    59.96  70.21
2022-12-17   359.89  -1.54    61.24  71.47    61.21  71.45   198.73 208.96    60.67  70.90    66.25  76.49    59.99  70.22
2022-12-18   359.96  -1.50    61.27  71.49    61.24  71.46   198.75 208.98    60.70  70.92    66.28  76.50    60.01  70.24
2022-12-19     0.04  -1.47    61.29  71.50    61.26  71.48   198.78 208.99    60.72  70.93    66.31  76.52    60.04  70.25
2022-12-20     0.11  -1.43    61.31  71.52    61.29  71.49   198.80 209.01    60.74  70.95    66.33  76.54    60.06  70.27
2022-12-21     0.19  -1.39    61.34  71.54    61.31  71.51   198.82 209.03    60.77  70.97    66.35  76.55    60.09  70.29
2022-12-22     0.27  -1.35    61.36  71.56    61.33  71.53   198.85 209.05    60.79  70.99    66.37  76.57    60.11  70.31
2022-12-23     0.36  -1.31    61.38  71.58    61.35  71.55   198.87 209.07    60.81  71.01    66.39  76.59    60.13  70.33
2022-12-24     0.45  -1.27    61.40  71.60    61.37  71.58   198.88 209.09    60.83  71.03    66.41  76.62    60.15  70.35
2022-12-25     0.54  -1.23    61.57  71.47    61.54  71.44   199.06 208.96    61.00  70.90    66.59  76.48    60.32  70.22
2022-12-26     0.63  -1.18    62.17  70.91    62.14  70.88   199.66 208.40    61.60  70.34    67.19  75.92    60.92  69.66
2022-12-27     0.72  -1.13    62.77  70.35    62.74  70.33   200.26 207.84    62.20  69.78    67.78  75.37    61.52  69.10

2023-08-01    41.39  14.71   249.03 256.07   249.01 256.05    26.52  33.56   248.46 255.50   254.05 261.09   247.78 254.82
2023-08-02    41.49  14.74   248.54 256.65   248.51 256.63    26.03  34.14   247.97 256.08   253.56 261.67   247.29 255.40
2023-08-03    41.59  14.77   248.04 257.23   248.02 257.21    25.53  34.72   247.47 256.66   253.06 262.25   246.79 255.98
2023-08-04    41.69  14.79   247.58 257.78   247.55 257.76    25.06  35.27   247.01 257.21   252.59 262.80   246.32 256.53
2023-08-05    41.79  14.82   247.62 257.82   247.59 257.80    25.11  35.31   247.05 257.25   252.63 262.84   246.37 256.57
2023-08-06    41.88  14.85   247.66 257.86   247.63 257.83    25.15  35.35   247.09 257.29   252.68 262.88   246.41 256.61
2023-08-07    41.97  14.87   247.70 257.90   247.67 257.87    25.19  35.39   247.13 257.33   252.72 262.92   246.45 256.65
2023-08-08    42.06  14.89   247.74 257.94   247.71 257.91    25.23  35.43   247.17 257.37   252.75 262.96   246.49 256.69
2023-08-09    42.14  14.92   247.78 257.98   247.75 257.95    25.26  35.47   247.21 257.41   252.79 263.00   246.52 256.73
2023-08-10    42.22  14.94   247.81 258.02   247.78 258.00    25.30  35.51   247.24 257.45   252.83 263.04   246.56 256.77
2023-08-11    42.30  14.96   247.84 258.06   247.82 258.04    25.33  35.55   247.27 257.49   252.86 263.08   246.59 256.81
2023-08-12    42.38  14.98   247.87 258.11   247.85 258.08    25.36  35.59   247.30 257.54   252.89 263.12   246.62 256.86
2023-08-13    42.45  15.00   247.90 258.15   247.88 258.12    25.39  35.64   247.33 257.58   252.92 263.16   246.65 256.90
2023-08-14    42.52  15.02   247.93 258.19   247.90 258.17    25.42  35.68   247.36 257.62   252.95 263.21   246.68 256.94
2023-08-15    42.59  15.04   247.96 258.24   247.93 258.21    25.44  35.72   247.39 257.67   252.97 263.25   246.70 256.99
2023-08-16    42.65  15.05   247.98 258.28   247.95 258.26    25.47  35.77   247.41 257.71   252.99 263.30   246.73 257.03
2023-08-17    42.71  15.07   248.00 258.33   247.97 258.30    25.49  35.82   247.43 257.76   253.02 263.34   246.75 257.08
2023-08-18    42.77  15.08   248.02 258.37   247.99 258.35    25.51  35.86   247.45 257.80   253.04 263.39   246.77 257.12
2023-08-19    42.83  15.10   248.04 258.42   248.01 258.40    25.52  35.91   247.47 257.85   253.05 263.44   246.79 257.17
2023-08-20    42.88  15.11   248.05 258.47   248.03 258.44    25.54  35.96   247.48 257.90   253.07 263.49   246.80 257.22
2023-08-21    42.93  15.12   248.07 258.52   248.04 258.49    25.55  36.01   247.50 257.95   253.08 263.54   246.82 257.27
2023-08-22    42.98  15.13   248.08 258.57   248.05 258.54    25.57  36.06   247.51 258.00   253.09 263.59   246.83 257.32
2023-08-23    43.02  15.14   248.09 258.62   248.06 258.60    25.57  36.11   247.52 258.05   253.10 263.64   246.84 257.37
2023-08-24    43.06  15.15   248.09 258.67   248.07 258.65    25.58  36.16   247.52 258.10   253.11 263.69   246.84 257.42
2023-08-25    43.09  15.16   248.10 258.73   248.07 258.70    25.59  36.22   247.53 258.16   253.11 263.74   246.85 257.48
2023-08-26    43.13  15.17   248.10 258.78   248.08 258.76    25.59  36.27   247.53 258.21   253.12 263.80   246.85 257.53
2023-08-27    43.16  15.17   248.10 258.84   248.08 258.81    25.59  36.33   247.53 258.27   253.12 263.85   246.85 257.59
2023-08-28    43.18  15.18   248.10 258.90   248.07 258.87    25.59  36.38   247.53 258.33   253.12 263.91   246.85 257.65
2023-08-29    43.21  15.18   248.10 258.96   248.07 258.93    25.58  36.44   247.53 258.39   253.11 263.97   246.84 257.70
2023-08-30    43.23  15.19   248.09 259.02   248.06 258.99    25.58  36.50   247.52 258.45   253.10 264.03   246.84 257.77
2023-08-31    43.25  15.19   248.08 259.08   248.05 259.05    25.57  36.57   247.51 258.51   253.09 264.09   246.83 257.83
2023-09-01    43.26  15.19   248.07 259.14   248.04 259.12    25.56  36.63   247.50 258.57   253.08 264.16   246.82 257.89
2023-09-02    43.27  15.19   248.05 259.21   248.03 259.18    25.54  36.70   247.48 258.64   253.07 264.22   246.80 257.96
2023-09-03    43.28  15.19   248.04 259.28   248.01 259.25    25.52  36.76   247.47 258.71   253.05 264.29   246.79 258.02
2023-09-04    43.28  15.19   248.02 259.34   247.99 259.32    25.50  36.83   247.45 258.77   253.03 264.36   246.77 258.09
2023-09-05    43.28  15.19   247.99 259.42   247.97 259.39    25.48  36.90   247.42 258.85   253.01 264.43   246.74 258.17
2023-09-06    43.28  15.18   247.97 259.49   247.94 259.46    25.46  36.98   247.40 258.92   252.98 264.51   246.72 258.24
2023-09-07    43.27  15.18   247.94 259.57   247.91 259.54    25.43  37.06   247.37 259.00   252.96 264.58   246.69 258.32
2023-09-08    43.26  15.17   247.91 259.65   247.88 259.62    25.40  37.13   247.34 259.08   252.92 264.66   246.66 258.40
2023-09-09    43.25  15.17   247.87 259.73   247.85 259.70    25.36  37.22   247.30 259.16   252.89 264.75   246.62 258.48
2023-09-10    43.23  15.16   247.84 259.82   247.81 259.79    25.32  37.30   247.27 259.25   252.85 264.83   246.58 258.56
2023-09-11    43.21  15.15   247.79 259.90   247.77 259.88    25.28  37.39   247.22 259.33   252.81 264.92   246.54 258.65
2023-09-12    43.19  15.14   247.75 260.00   247.72 259.97    25.24  37.48   247.18 259.43   252.76 265.01   246.50 258.75
2023-09-13    43.17  15.13   247.70 260.09   247.67 260.07    25.19  37.58   247.13 259.52   252.72 265.11   246.45 258.84
2023-09-14    43.14  15.12   247.65 260.19   247.62 260.17    25.14  37.68   247.08 259.62   252.66 265.21   246.40 258.94
2023-09-15    43.10  15.11   247.59 260.30   247.56 260.27    25.08  37.78   247.02 259.73   252.61 265.31   246.34 259.05
2023-09-16    43.07  15.09   247.53 260.41   247.50 260.38    25.02  37.89   246.96 259.84   252.55 265.42   246.28 259.15
2023-09-17    43.03  15.08   247.47 260.52   247.44 260.49    24.95  38.01   246.90 259.95   252.48 265.53   246.21 259.27
2023-09-18    42.99  15.07   247.40 260.64   247.37 260.61    24.88  38.13   246.83 260.07   252.41 265.65   246.15 259.39
2023-09-19    42.94  15.05   247.32 260.76   247.30 260.74    24.81  38.25   246.75 260.19   252.34 265.78   246.07 259.51
2023-09-20    42.89  15.03   247.24 260.90   247.22 260.87    24.73  38.38   246.67 260.33   252.26 265.91   245.99 259.64
2023-09-21    42.84  15.02   247.16 261.03   247.13 261.01    24.64  38.52   246.59 260.46   252.17 266.05   245.91 259.78
2023-09-22    42.79  15.00   247.07 261.18   247.04 261.15    24.55  38.67   246.50 260.61   252.08 266.19   245.82 259.93
2023-09-23    42.73  14.98   246.97 261.33   246.94 261.31    24.46  38.82   246.40 260.76   251.99 266.35   245.72 260.08

2023-12-14    33.83  12.19    62.15  76.45    62.12  76.42   199.63 213.94    61.58  75.88    67.16  81.47    60.90  75.20
2023-12-15    33.77  12.18    62.31  76.36    62.29  76.33   199.80 213.85    61.74  75.79    67.33  81.37    61.06  75.11
2023-12-16    33.72  12.16    62.47  76.27    62.44  76.24   199.96 213.76    61.90  75.70    67.49  81.29    61.22  75.02
2023-12-17    33.66  12.15    62.62  76.19    62.59  76.16   200.11 213.68    62.05  75.62    67.64  81.21    61.37  74.94
2023-12-18    33.62  12.14    62.76  76.12    62.74  76.09   200.25 213.60    62.19  75.55    67.78  81.13    61.51  74.86
2023-12-19    33.57  12.13    62.90  76.05    62.87  76.02   200.39 213.53    62.33  75.48    67.92  81.06    61.65  74.79
2023-12-20    33.53  12.12    63.03  75.98    63.00  75.95   200.52 213.47    62.46  75.41    68.05  81.00    61.78  74.73
2023-12-21    33.49  12.11    63.16  75.92    63.13  75.89   200.64 213.41    62.59  75.35    68.17  80.94    61.90  74.67
2023-12-22    33.45  12.10    63.27  75.87    63.25  75.84   200.76 213.35    62.70  75.30    68.29  80.88    62.02  74.61
2023-12-23    33.42  12.09    63.39  75.81    63.36  75.79   200.88 213.30    62.82  75.24    68.40  80.83    62.14  74.56
2023-12-24    33.39  12.09    63.50  75.77    63.47  75.74   200.98 213.26    62.93  75.20    68.51  80.78    62.25  74.52
2023-12-25    33.36  12.09    63.60  75.73    63.58  75.70   201.09 213.21    63.03  75.16    68.62  80.74    62.35  74.47
2023-12-26    33.34  12.08    63.70  75.69    63.68  75.66   201.19 213.17    63.13  75.12    68.72  80.70    62.45  74.44
2023-12-27    33.32  12.08    63.80  75.65    63.77  75.63   201.29 213.14    63.23  75.08    68.81  80.67    62.55  74.40
2023-12-28    33.30  12.08    63.89  75.62    63.87  75.59   201.38 213.11    63.32  75.05    68.91  80.64    62.64  74.37
2023-12-29    33.29  12.08    63.98  75.59    63.96  75.57   201.47 213.08    63.41  75.02    69.00  80.61    62.73  74.34
2023-12-30    33.28  12.09    64.07  75.57    64.04  75.54   201.56 213.06    63.50  75.00    69.08  80.58    62.82  74.32
