Using Equatorial Coordinates

       Target

Checked interval [2020-01-01, 2023-12-31]
|           Window [days]                 |    Normal V3 PA [deg]    |            RA             |            Dec            |
   Start           End         Duration         Start         End        Start          End          Start          End     
 2020-04-15      2020-06-07        53.00     257.20511     257.54669     303.47738     303.38683     -19.95160     -20.06859 
 2020-09-02      2020-10-24        52.00      79.17863      79.53787     297.56182     297.57030     -21.30966     -21.34767 
 2021-04-28      2021-06-19        52.00     253.39537     254.38423     315.43512     315.34383     -17.50920     -17.68033 
 2021-09-14      2021-11-04        51.06      74.62395      75.45492     309.68059     309.64845     -19.28299     -19.29393 
 2022-05-10      2022-07-01        52.00     250.33291     251.86129     327.15201     327.11693     -14.33968     -14.53876 
 2022-09-27      2022-11-16        50.03      70.75172      71.98365     321.58627     321.58147     -16.44817     -16.41512 
 2023-05-23      2023-07-14        52.00     248.12798     250.09407     338.75275     338.70803     -10.53378     -10.76642 
 2023-10-09      2023-11-28        50.05      67.60279      69.28604     333.36929     333.32985     -12.88137     -12.82024 


                                V3PA          NIRCam           NIRSpec         NIRISS           MIRI          FGS
   Date      RA     Dec      min    max      min    max       min    max     min    max      min    max      min    max

2020-04-16   303.48 -19.95   253.70 260.71   253.67 260.68    31.19  38.20   253.13 260.14   258.71 265.73   252.45 259.46
2020-04-17   303.52 -19.94   253.11 261.28   253.08 261.25    30.59  38.77   252.54 260.71   258.12 266.29   251.86 260.03
2020-04-18   303.56 -19.94   252.51 261.85   252.49 261.82    30.00  39.34   251.94 261.28   257.53 266.87   251.26 260.60
2020-04-19   303.60 -19.93   252.07 262.27   252.04 262.25    29.55  39.76   251.50 261.70   257.08 267.29   250.82 261.02
2020-04-20   303.63 -19.92   252.06 262.26   252.03 262.23    29.55  39.75   251.49 261.69   257.07 267.28   250.81 261.01
2020-04-21   303.67 -19.92   252.05 262.25   252.02 262.22    29.54  39.74   251.48 261.68   257.06 267.27   250.80 261.00
2020-04-22   303.70 -19.91   252.04 262.24   252.01 262.21    29.53  39.73   251.47 261.67   257.06 267.26   250.79 260.99
2020-04-23   303.73 -19.91   252.03 262.23   252.00 262.21    29.52  39.72   251.46 261.66   257.05 267.25   250.78 260.98
2020-04-24   303.76 -19.90   252.02 262.23   251.99 262.20    29.51  39.72   251.45 261.66   257.04 267.24   250.77 260.98
2020-04-25   303.79 -19.90   252.01 262.23   251.98 262.20    29.50  39.71   251.44 261.66   257.02 267.24   250.76 260.98
2020-04-26   303.82 -19.89   252.00 262.23   251.97 262.20    29.48  39.71   251.43 261.66   257.01 267.24   250.75 260.97
2020-04-27   303.84 -19.89   251.98 262.23   251.96 262.20    29.47  39.71   251.41 261.66   257.00 267.24   250.73 260.98
2020-04-28   303.87 -19.89   251.97 262.23   251.94 262.20    29.46  39.72   251.40 261.66   256.99 267.25   250.72 260.98
2020-04-29   303.89 -19.89   251.96 262.24   251.93 262.21    29.44  39.72   251.39 261.67   256.97 267.25   250.71 260.99
2020-04-30   303.91 -19.88   251.94 262.24   251.92 262.22    29.43  39.73   251.37 261.67   256.96 267.26   250.69 260.99
2020-05-01   303.93 -19.88   251.93 262.25   251.90 262.23    29.41  39.74   251.36 261.68   256.94 267.27   250.68 261.00
2020-05-02   303.94 -19.88   251.91 262.27   251.88 262.24    29.40  39.75   251.34 261.70   256.92 267.28   250.66 261.02
2020-05-03   303.96 -19.88   251.89 262.28   251.87 262.25    29.38  39.77   251.32 261.71   256.91 267.30   250.64 261.03
2020-05-04   303.97 -19.88   251.87 262.30   251.85 262.27    29.36  39.78   251.30 261.73   256.89 267.31   250.62 261.05
2020-05-05   303.98 -19.88   251.86 262.32   251.83 262.29    29.34  39.80   251.29 261.75   256.87 267.33   250.60 261.07
2020-05-06   303.99 -19.87   251.84 262.34   251.81 262.31    29.32  39.82   251.27 261.77   256.85 267.35   250.58 261.09
2020-05-07   304.00 -19.87   251.81 262.36   251.79 262.33    29.30  39.85   251.24 261.79   256.83 267.38   250.56 261.11
2020-05-08   304.01 -19.88   251.79 262.39   251.77 262.36    29.28  39.87   251.22 261.82   256.81 267.40   250.54 261.14
2020-05-09   304.01 -19.88   251.77 262.42   251.74 262.39    29.26  39.90   251.20 261.85   256.78 267.43   250.52 261.16
2020-05-10   304.02 -19.88   251.75 262.45   251.72 262.42    29.23  39.93   251.18 261.88   256.76 267.46   250.50 261.20
2020-05-11   304.02 -19.88   251.72 262.48   251.69 262.45    29.21  39.97   251.15 261.91   256.74 267.50   250.47 261.23
2020-05-12   304.02 -19.88   251.69 262.52   251.67 262.49    29.18  40.00   251.12 261.95   256.71 267.53   250.44 261.27
2020-05-13   304.01 -19.88   251.67 262.56   251.64 262.53    29.15  40.04   251.10 261.99   256.68 267.57   250.42 261.31
2020-05-14   304.01 -19.89   251.64 262.60   251.61 262.57    29.13  40.09   251.07 262.03   256.65 267.61   250.39 261.35
2020-05-15   304.01 -19.89   251.61 262.64   251.58 262.62    29.10  40.13   251.04 262.07   256.62 267.66   250.36 261.39
2020-05-16   304.00 -19.89   251.58 262.69   251.55 262.66    29.06  40.18   251.01 262.12   256.59 267.71   250.33 261.44
2020-05-17   303.99 -19.90   251.54 262.74   251.52 262.71    29.03  40.23   250.97 262.17   256.56 267.76   250.29 261.49
2020-05-18   303.98 -19.90   251.51 262.79   251.48 262.77    29.00  40.28   250.94 262.22   256.53 267.81   250.26 261.54
2020-05-19   303.97 -19.90   251.47 262.85   251.45 262.83    28.96  40.34   250.90 262.28   256.49 267.87   250.22 261.60
2020-05-20   303.95 -19.91   251.44 262.91   251.41 262.89    28.92  40.40   250.87 262.34   256.45 267.93   250.19 261.66
2020-05-21   303.94 -19.91   251.40 262.98   251.37 262.95    28.88  40.46   250.83 262.41   256.41 267.99   250.15 261.72
2020-05-22   303.92 -19.92   251.36 263.04   251.33 263.02    28.84  40.53   250.79 262.47   256.37 268.06   250.10 261.79
2020-05-23   303.90 -19.93   251.31 263.11   251.29 263.09    28.80  40.60   250.74 262.54   256.33 268.13   250.06 261.86
2020-05-24   303.88 -19.93   251.27 263.19   251.24 263.16    28.75  40.68   250.70 262.62   256.28 268.20   250.02 261.94
2020-05-25   303.86 -19.94   251.22 263.27   251.19 263.24    28.71  40.75   250.65 262.70   256.23 268.28   249.97 262.02
2020-05-26   303.84 -19.95   251.17 263.35   251.14 263.32    28.65  40.84   250.60 262.78   256.18 268.37   249.92 262.10
2020-05-27   303.81 -19.95   251.11 263.44   251.09 263.41    28.60  40.92   250.54 262.87   256.13 268.45   249.86 262.19
2020-05-28   303.78 -19.96   251.06 263.53   251.03 263.50    28.55  41.02   250.49 262.96   256.07 268.54   249.81 262.28
2020-05-29   303.76 -19.97   251.00 263.62   250.97 263.60    28.49  41.11   250.43 263.05   256.01 268.64   249.75 262.37
2020-05-30   303.73 -19.98   250.94 263.73   250.91 263.70    28.42  41.21   250.37 263.16   255.95 268.74   249.69 262.47
2020-05-31   303.69 -19.99   250.87 263.83   250.85 263.80    28.36  41.32   250.30 263.26   255.89 268.85   249.62 262.58
2020-06-01   303.66 -20.00   250.80 263.94   250.78 263.92    28.29  41.43   250.23 263.37   255.82 268.96   249.55 262.69
2020-06-02   303.63 -20.01   250.73 264.06   250.70 264.03    28.22  41.55   250.16 263.49   255.75 269.08   249.48 262.81
2020-06-03   303.59 -20.02   250.65 264.18   250.63 264.16    28.14  41.67   250.08 263.61   255.67 269.20   249.40 262.93
2020-06-04   303.55 -20.03   250.57 264.31   250.55 264.29    28.06  41.80   250.00 263.74   255.59 269.33   249.32 263.06
2020-06-05   303.51 -20.04   250.49 264.45   250.46 264.42    27.97  41.94   249.92 263.88   255.50 269.46   249.24 263.20
2020-06-06   303.47 -20.05   250.40 264.59   250.37 264.56    27.88  42.08   249.83 264.02   255.41 269.61   249.14 263.34
2020-06-07   303.43 -20.06   250.30 264.74   250.27 264.71    27.79  42.23   249.73 264.17   255.31 269.76   249.05 263.49

2020-09-03   297.56 -21.31    72.01  86.35    71.98  86.32   209.50 223.84    71.44  85.78    77.03  91.37    70.76  85.10
2020-09-04   297.52 -21.32    72.16  86.26    72.13  86.23   209.65 223.74    71.59  85.69    77.17  91.27    70.91  85.01
2020-09-05   297.48 -21.33    72.30  86.17    72.27  86.14   209.79 223.65    71.73  85.60    77.32  91.18    71.05  84.92
2020-09-06   297.44 -21.33    72.44  86.08    72.41  86.06   209.92 223.57    71.87  85.51    77.45  91.10    71.19  84.83
2020-09-07   297.40 -21.34    72.57  86.00    72.54  85.98   210.05 223.49    72.00  85.43    77.58  91.02    71.31  84.75
2020-09-08   297.36 -21.35    72.69  85.93    72.66  85.90   210.18 223.42    72.12  85.36    77.70  90.95    71.44  84.68
2020-09-09   297.33 -21.35    72.80  85.86    72.78  85.83   210.29 223.35    72.23  85.29    77.82  90.87    71.55  84.61
2020-09-10   297.30 -21.36    72.92  85.79    72.89  85.77   210.40 223.28    72.35  85.22    77.93  90.81    71.67  84.54
2020-09-11   297.26 -21.37    73.02  85.73    73.00  85.70   210.51 223.22    72.45  85.16    78.04  90.74    71.77  84.48
2020-09-12   297.23 -21.37    73.12  85.67    73.10  85.64   210.61 223.16    72.55  85.10    78.14  90.68    71.87  84.42
2020-09-13   297.21 -21.38    73.22  85.61    73.19  85.59   210.71 223.10    72.65  85.04    78.23  90.63    71.97  84.36
2020-09-14   297.18 -21.38    73.31  85.56    73.28  85.53   210.80 223.05    72.74  84.99    78.32  90.57    72.06  84.31
2020-09-15   297.15 -21.39    73.40  85.51    73.37  85.48   210.88 222.99    72.83  84.94    78.41  90.52    72.15  84.26
2020-09-16   297.13 -21.39    73.48  85.46    73.45  85.43   210.97 222.95    72.91  84.89    78.49  90.47    72.23  84.21
2020-09-17   297.11 -21.40    73.56  85.41    73.53  85.39   211.05 222.90    72.99  84.84    78.57  90.43    72.31  84.16
2020-09-18   297.09 -21.40    73.63  85.37    73.61  85.34   211.12 222.86    73.06  84.80    78.65  90.38    72.38  84.12
2020-09-19   297.07 -21.41    73.70  85.33    73.68  85.30   211.19 222.81    73.13  84.76    78.72  90.34    72.45  84.08
2020-09-20   297.05 -21.41    73.77  85.29    73.74  85.26   211.26 222.77    73.20  84.72    78.79  90.30    72.52  84.04
2020-09-21   297.04 -21.41    73.83  85.25    73.81  85.22   211.32 222.74    73.26  84.68    78.85  90.26    72.58  84.00
2020-09-22   297.03 -21.42    73.89  85.21    73.87  85.19   211.38 222.70    73.32  84.64    78.91  90.23    72.64  83.96
2020-09-23   297.01 -21.42    73.95  85.18    73.92  85.15   211.44 222.67    73.38  84.61    78.97  90.19    72.70  83.93
2020-09-24   297.00 -21.42    74.00  85.15    73.98  85.12   211.49 222.63    73.43  84.58    79.02  90.16    72.75  83.90
2020-09-25   297.00 -21.42    74.06  85.12    74.03  85.09   211.54 222.60    73.49  84.55    79.07  90.13    72.80  83.86
2020-09-26   296.99 -21.42    74.10  85.09    74.08  85.06   211.59 222.57    73.53  84.52    79.12  90.10    72.85  83.84
2020-09-27   296.99 -21.43    74.15  85.06    74.12  85.03   211.64 222.55    73.58  84.49    79.16  90.07    72.90  83.81
2020-09-28   296.98 -21.43    74.19  85.03    74.16  85.00   211.68 222.52    73.62  84.46    79.20  90.05    72.94  83.78
2020-09-29   296.98 -21.43    74.23  85.01    74.20  84.98   211.72 222.49    73.66  84.44    79.24  90.02    72.98  83.75
2020-09-30   296.98 -21.43    74.26  84.98    74.24  84.95   211.75 222.47    73.69  84.41    79.28  90.00    73.01  83.73
2020-10-01   296.99 -21.43    74.30  84.96    74.27  84.93   211.79 222.45    73.73  84.39    79.31  89.97    73.05  83.71
2020-10-02   296.99 -21.43    74.33  84.94    74.30  84.91   211.82 222.42    73.76  84.37    79.34  89.95    73.08  83.68
2020-10-03   297.00 -21.43    74.36  84.91    74.33  84.89   211.85 222.40    73.79  84.34    79.37  89.93    73.11  83.66
2020-10-04   297.00 -21.43    74.38  84.89    74.36  84.87   211.87 222.38    73.81  84.32    79.40  89.91    73.13  83.64
2020-10-05   297.01 -21.43    74.41  84.88    74.38  84.85   211.89 222.36    73.84  84.31    79.42  89.89    73.16  83.62
2020-10-06   297.02 -21.43    74.43  84.86    74.40  84.83   211.92 222.34    73.86  84.29    79.44  89.87    73.18  83.61
2020-10-07   297.04 -21.42    74.45  84.84    74.42  84.81   211.93 222.33    73.88  84.27    79.46  89.86    73.20  83.59
2020-10-08   297.05 -21.42    74.46  84.82    74.44  84.80   211.95 222.31    73.89  84.25    79.48  89.84    73.21  83.57
2020-10-09   297.07 -21.42    74.48  84.81    74.45  84.78   211.96 222.30    73.91  84.24    79.49  89.82    73.23  83.56
2020-10-10   297.09 -21.42    74.49  84.79    74.46  84.77   211.98 222.28    73.92  84.22    79.50  89.81    73.24  83.54
2020-10-11   297.11 -21.42    74.50  84.78    74.47  84.75   211.99 222.27    73.93  84.21    79.51  89.80    73.25  83.53
2020-10-12   297.13 -21.41    74.51  84.77    74.48  84.74   211.99 222.25    73.94  84.20    79.52  89.78    73.26  83.52
2020-10-13   297.15 -21.41    74.51  84.75    74.48  84.73   212.00 222.24    73.94  84.18    79.53  89.77    73.26  83.50
2020-10-14   297.18 -21.41    74.51  84.74    74.49  84.72   212.00 222.23    73.94  84.17    79.53  89.76    73.26  83.49
2020-10-15   297.21 -21.40    74.51  84.73    74.49  84.71   212.00 222.22    73.94  84.16    79.53  89.75    73.26  83.48
2020-10-16   297.23 -21.40    74.51  84.72    74.49  84.70   212.00 222.21    73.94  84.15    79.53  89.74    73.26  83.47
2020-10-17   297.27 -21.39    74.51  84.71    74.48  84.69   212.00 222.20    73.94  84.14    79.53  89.73    73.26  83.46
2020-10-18   297.30 -21.39    74.50  84.71    74.48  84.68   211.99 222.19    73.93  84.14    79.52  89.72    73.25  83.45
2020-10-19   297.33 -21.38    74.50  84.70    74.47  84.67   211.98 222.18    73.93  84.13    79.51  89.71    73.25  83.45
2020-10-20   297.37 -21.38    74.49  84.69    74.46  84.66   211.98 222.18    73.92  84.12    79.50  89.71    73.24  83.44
2020-10-21   297.40 -21.37    74.48  84.68    74.45  84.66   211.96 222.17    73.91  84.11    79.49  89.70    73.23  83.43
2020-10-22   297.44 -21.37    74.97  84.18    74.94  84.15   212.45 221.66    74.40  83.61    79.98  89.19    73.71  82.93
2020-10-23   297.48 -21.36    75.55  83.57    75.52  83.55   213.04 221.06    74.98  83.00    80.56  88.59    74.30  82.32
2020-10-24   297.53 -21.35    76.13  82.97    76.10  82.94   213.62 220.46    75.56  82.40    81.14  87.99    74.88  81.72

2021-04-29   315.44 -17.51   249.45 257.34   249.43 257.31    26.94  34.83   248.88 256.77   254.47 262.35   248.20 256.09
2021-04-30   315.47 -17.50   248.87 257.92   248.85 257.89    26.36  35.41   248.30 257.35   253.89 262.93   247.62 256.67
2021-05-01   315.51 -17.49   248.29 258.50   248.27 258.47    25.78  35.99   247.72 257.93   253.31 263.52   247.04 257.25
2021-05-02   315.55 -17.48   248.30 258.50   248.27 258.47    25.78  35.99   247.73 257.93   253.31 263.52   247.05 257.25
2021-05-03   315.58 -17.48   248.30 258.50   248.27 258.47    25.79  35.99   247.73 257.93   253.31 263.52   247.05 257.25
2021-05-04   315.62 -17.47   248.30 258.50   248.28 258.48    25.79  35.99   247.73 257.93   253.32 263.52   247.05 257.25
2021-05-05   315.65 -17.46   248.30 258.51   248.28 258.48    25.79  35.99   247.73 257.94   253.32 263.52   247.05 257.26
2021-05-06   315.68 -17.46   248.30 258.51   248.28 258.49    25.79  36.00   247.73 257.94   253.32 263.53   247.05 257.26
2021-05-07   315.71 -17.45   248.31 258.52   248.28 258.49    25.79  36.01   247.74 257.95   253.32 263.54   247.05 257.27
2021-05-08   315.73 -17.45   248.30 258.53   248.28 258.50    25.79  36.02   247.73 257.96   253.32 263.55   247.05 257.28
2021-05-09   315.76 -17.44   248.30 258.54   248.28 258.52    25.79  36.03   247.73 257.97   253.32 263.56   247.05 257.29
2021-05-10   315.78 -17.44   248.30 258.56   248.28 258.53    25.79  36.04   247.73 257.99   253.32 263.57   247.05 257.31
2021-05-11   315.80 -17.44   248.30 258.57   248.27 258.55    25.79  36.06   247.73 258.00   253.31 263.59   247.05 257.32
2021-05-12   315.82 -17.43   248.30 258.59   248.27 258.56    25.78  36.08   247.73 258.02   253.31 263.61   247.04 257.34
2021-05-13   315.84 -17.43   248.29 258.61   248.26 258.58    25.78  36.10   247.72 258.04   253.31 263.63   247.04 257.36
2021-05-14   315.86 -17.43   248.29 258.63   248.26 258.61    25.77  36.12   247.72 258.06   253.30 263.65   247.04 257.38
2021-05-15   315.87 -17.43   248.28 258.66   248.25 258.63    25.77  36.15   247.71 258.09   253.30 263.67   247.03 257.41
2021-05-16   315.89 -17.43   248.27 258.69   248.25 258.66    25.76  36.17   247.70 258.12   253.29 263.70   247.02 257.43
2021-05-17   315.90 -17.43   248.27 258.71   248.24 258.69    25.75  36.20   247.70 258.14   253.28 263.73   247.02 257.46
2021-05-18   315.91 -17.43   248.26 258.75   248.23 258.72    25.74  36.23   247.69 258.18   253.27 263.76   247.01 257.50
2021-05-19   315.92 -17.43   248.25 258.78   248.22 258.75    25.74  36.27   247.68 258.21   253.26 263.80   247.00 257.53
2021-05-20   315.93 -17.43   248.24 258.82   248.21 258.79    25.73  36.30   247.67 258.25   253.25 263.83   246.99 257.57
2021-05-21   315.93 -17.43   248.23 258.86   248.20 258.83    25.71  36.34   247.66 258.29   253.24 263.87   246.98 257.61
2021-05-22   315.94 -17.43   248.21 258.90   248.19 258.87    25.70  36.39   247.64 258.33   253.23 263.91   246.96 257.65
2021-05-23   315.94 -17.43   248.20 258.94   248.17 258.92    25.69  36.43   247.63 258.37   253.22 263.96   246.95 257.69
2021-05-24   315.94 -17.43   248.19 258.99   248.16 258.96    25.67  36.48   247.62 258.42   253.20 264.00   246.94 257.74
2021-05-25   315.94 -17.44   248.17 259.04   248.14 259.01    25.66  36.53   247.60 258.47   253.19 264.05   246.92 257.79
2021-05-26   315.94 -17.44   248.15 259.09   248.13 259.06    25.64  36.58   247.58 258.52   253.17 264.11   246.90 257.84
2021-05-27   315.93 -17.45   248.14 259.15   248.11 259.12    25.62  36.63   247.57 258.58   253.15 264.16   246.88 257.90
2021-05-28   315.92 -17.45   248.12 259.20   248.09 259.18    25.60  36.69   247.55 258.63   253.13 264.22   246.87 257.95
2021-05-29   315.92 -17.46   248.10 259.27   248.07 259.24    25.58  36.75   247.53 258.70   253.11 264.28   246.84 258.02
2021-05-30   315.91 -17.46   248.07 259.33   248.05 259.30    25.56  36.82   247.50 258.76   253.09 264.35   246.82 258.08
2021-05-31   315.90 -17.47   248.05 259.40   248.02 259.37    25.54  36.89   247.48 258.83   253.06 264.41   246.80 258.15
2021-06-01   315.88 -17.47   248.02 259.47   248.00 259.44    25.51  36.96   247.45 258.90   253.04 264.48   246.77 258.22
2021-06-02   315.87 -17.48   248.00 259.54   247.97 259.52    25.48  37.03   247.43 258.97   253.01 264.56   246.75 258.29
2021-06-03   315.85 -17.49   247.97 259.62   247.94 259.60    25.46  37.11   247.40 259.05   252.98 264.64   246.72 258.37
2021-06-04   315.84 -17.50   247.94 259.71   247.91 259.68    25.43  37.19   247.37 259.14   252.95 264.72   246.69 258.45
2021-06-05   315.82 -17.50   247.91 259.79   247.88 259.76    25.39  37.28   247.34 259.22   252.92 264.81   246.65 258.54
2021-06-06   315.80 -17.51   247.87 259.88   247.84 259.86    25.36  37.37   247.30 259.31   252.89 264.90   246.62 258.63
2021-06-07   315.77 -17.52   247.83 259.98   247.81 259.95    25.32  37.46   247.26 259.41   252.85 264.99   246.58 258.73
2021-06-08   315.75 -17.53   247.79 260.08   247.77 260.05    25.28  37.56   247.22 259.51   252.81 265.09   246.54 258.82
2021-06-09   315.73 -17.54   247.75 260.18   247.73 260.15    25.24  37.67   247.18 259.61   252.77 265.19   246.50 258.93
2021-06-10   315.70 -17.55   247.71 260.29   247.68 260.26    25.20  37.77   247.14 259.72   252.72 265.30   246.46 259.04
2021-06-11   315.67 -17.56   247.66 260.40   247.63 260.37    25.15  37.89   247.09 259.83   252.68 265.42   246.41 259.15
2021-06-12   315.64 -17.57   247.61 260.52   247.58 260.49    25.10  38.01   247.04 259.95   252.63 265.54   246.36 259.27
2021-06-13   315.61 -17.59   247.56 260.64   247.53 260.62    25.04  38.13   246.99 260.07   252.57 265.66   246.31 259.39
2021-06-14   315.57 -17.60   247.50 260.78   247.47 260.75    24.99  38.26   246.93 260.21   252.51 265.79   246.25 259.52
2021-06-15   315.54 -17.61   247.44 260.91   247.41 260.89    24.93  38.40   246.87 260.34   252.45 265.93   246.19 259.66
2021-06-16   315.50 -17.62   247.37 261.06   247.35 261.03    24.86  38.54   246.80 260.49   252.39 266.07   246.12 259.81
2021-06-17   315.47 -17.64   247.31 261.21   247.28 261.18    24.79  38.69   246.74 260.64   252.32 266.22   246.05 259.96
2021-06-18   315.43 -17.65   247.23 261.36   247.21 261.34    24.72  38.85   246.66 260.79   252.25 266.38   245.98 260.11
2021-06-19   315.39 -17.67   247.15 261.53   247.13 261.50    24.64  39.02   246.58 260.96   252.17 266.55   245.90 260.28

2021-09-15   309.68 -19.28    67.43  81.82    67.41  81.79   204.92 219.31    66.86  81.25    72.45  86.83    66.18  80.57
2021-09-16   309.64 -19.29    67.60  81.74    67.57  81.71   205.09 219.23    67.03  81.17    72.61  86.75    66.35  80.49
2021-09-17   309.60 -19.30    67.76  81.66    67.73  81.64   205.24 219.15    67.19  81.09    72.77  86.68    66.50  80.41
2021-09-18   309.56 -19.31    67.90  81.59    67.88  81.56   205.39 219.08    67.33  81.02    72.92  86.61    66.65  80.34
2021-09-19   309.52 -19.32    68.05  81.52    68.02  81.50   205.53 219.01    67.48  80.95    73.06  86.54    66.80  80.27
2021-09-20   309.49 -19.33    68.18  81.46    68.16  81.43   205.67 218.95    67.61  80.89    73.20  86.47    66.93  80.21
2021-09-21   309.45 -19.34    68.31  81.40    68.29  81.37   205.80 218.89    67.74  80.83    73.33  86.41    67.06  80.15
2021-09-22   309.42 -19.35    68.44  81.34    68.41  81.32   205.92 218.83    67.87  80.77    73.45  86.36    67.18  80.09
2021-09-23   309.39 -19.36    68.55  81.29    68.53  81.26   206.04 218.78    67.98  80.72    73.57  86.30    67.30  80.04
2021-09-24   309.36 -19.36    68.66  81.24    68.64  81.21   206.15 218.73    68.09  80.67    73.68  86.25    67.41  79.99
2021-09-25   309.33 -19.37    68.77  81.19    68.75  81.16   206.26 218.68    68.20  80.62    73.79  86.21    67.52  79.94
2021-09-26   309.31 -19.38    68.87  81.15    68.85  81.12   206.36 218.63    68.30  80.58    73.89  86.16    67.62  79.90
2021-09-27   309.28 -19.38    68.97  81.10    68.95  81.08   206.46 218.59    68.40  80.53    73.99  86.12    67.72  79.85
2021-09-28   309.26 -19.39    69.06  81.06    69.04  81.04   206.55 218.55    68.49  80.49    74.08  86.08    67.81  79.81
2021-09-29   309.24 -19.39    69.15  81.03    69.13  81.00   206.64 218.51    68.58  80.46    74.17  86.04    67.90  79.78
2021-09-30   309.22 -19.40    69.24  80.99    69.21  80.97   206.73 218.48    68.67  80.42    74.25  86.01    67.99  79.74
2021-10-01   309.20 -19.40    69.32  80.96    69.29  80.93   206.81 218.45    68.75  80.39    74.33  85.97    68.07  79.71
2021-10-02   309.18 -19.41    69.39  80.93    69.37  80.90   206.88 218.41    68.82  80.36    74.41  85.94    68.14  79.68
2021-10-03   309.17 -19.41    69.47  80.90    69.44  80.87   206.96 218.39    68.90  80.33    74.48  85.91    68.22  79.65
2021-10-04   309.16 -19.41    69.54  80.87    69.51  80.84   207.02 218.36    68.97  80.30    74.55  85.89    68.29  79.62
2021-10-05   309.15 -19.42    69.60  80.84    69.58  80.82   207.09 218.33    69.03  80.27    74.62  85.86    68.35  79.59
2021-10-06   309.14 -19.42    69.67  80.82    69.64  80.79   207.15 218.31    69.10  80.25    74.68  85.83    68.42  79.57
2021-10-07   309.13 -19.42    69.73  80.80    69.70  80.77   207.21 218.28    69.16  80.23    74.74  85.81    68.47  79.54
2021-10-08   309.12 -19.42    69.78  80.77    69.75  80.75   207.27 218.26    69.21  80.20    74.80  85.79    68.53  79.52
2021-10-09   309.12 -19.42    69.83  80.75    69.81  80.73   207.32 218.24    69.26  80.18    74.85  85.77    68.58  79.50
2021-10-10   309.11 -19.42    69.88  80.73    69.86  80.71   207.37 218.22    69.31  80.16    74.90  85.75    68.63  79.48
2021-10-11   309.11 -19.42    69.93  80.72    69.91  80.69   207.42 218.20    69.36  80.15    74.95  85.73    68.68  79.47
2021-10-12   309.11 -19.42    69.98  80.70    69.95  80.67   207.46 218.19    69.41  80.13    74.99  85.71    68.73  79.45
2021-10-13   309.12 -19.42    70.02  80.68    69.99  80.66   207.51 218.17    69.45  80.11    75.03  85.70    68.77  79.43
2021-10-14   309.12 -19.42    70.06  80.67    70.03  80.64   207.55 218.16    69.49  80.10    75.07  85.68    68.81  79.42
2021-10-15   309.13 -19.42    70.09  80.66    70.07  80.63   207.58 218.14    69.52  80.09    75.11  85.67    68.84  79.40
2021-10-16   309.13 -19.42    70.13  80.64    70.10  80.62   207.62 218.13    69.56  80.07    75.14  85.66    68.88  79.39
2021-10-17   309.14 -19.42    70.16  80.63    70.13  80.60   207.65 218.12    69.59  80.06    75.17  85.65    68.91  79.38
2021-10-18   309.16 -19.41    70.19  80.62    70.16  80.59   207.68 218.11    69.62  80.05    75.20  85.64    68.94  79.37
2021-10-19   309.17 -19.41    70.22  80.61    70.19  80.58   207.70 218.10    69.65  80.04    75.23  85.63    68.96  79.36
2021-10-20   309.18 -19.41    70.24  80.60    70.21  80.58   207.73 218.09    69.67  80.03    75.25  85.62    68.99  79.35
2021-10-21   309.20 -19.40    70.26  80.59    70.24  80.57   207.75 218.08    69.69  80.02    75.28  85.61    69.01  79.34
2021-10-22   309.22 -19.40    70.28  80.59    70.25  80.56   207.77 218.07    69.71  80.02    75.30  85.60    69.03  79.34
2021-10-23   309.24 -19.39    70.30  80.58    70.27  80.55   207.79 218.07    69.73  80.01    75.31  85.60    69.05  79.33
2021-10-24   309.26 -19.39    70.31  80.58    70.29  80.55   207.80 218.06    69.74  80.01    75.33  85.59    69.06  79.32
2021-10-25   309.28 -19.38    70.33  80.57    70.30  80.54   207.81 218.06    69.76  80.00    75.34  85.59    69.08  79.32
2021-10-26   309.31 -19.38    70.34  80.57    70.31  80.54   207.83 218.06    69.77  80.00    75.35  85.58    69.09  79.32
2021-10-27   309.33 -19.37    70.35  80.56    70.32  80.54   207.83 218.05    69.78  79.99    75.36  85.58    69.10  79.31
2021-10-28   309.36 -19.36    70.35  80.56    70.33  80.54   207.84 218.05    69.78  79.99    75.37  85.58    69.10  79.31
2021-10-29   309.39 -19.36    70.36  80.56    70.33  80.54   207.85 218.05    69.79  79.99    75.37  85.58    69.11  79.31
2021-10-30   309.42 -19.35    70.36  80.56    70.33  80.53   207.85 218.05    69.79  79.99    75.38  85.58    69.11  79.31
2021-10-31   309.46 -19.34    70.36  80.56    70.33  80.54   207.85 218.05    69.79  79.99    75.38  85.58    69.11  79.31
2021-11-01   309.49 -19.33    70.36  80.56    70.33  80.54   207.85 218.05    69.79  79.99    75.38  85.58    69.11  79.31
2021-11-02   309.53 -19.32    70.36  80.57    70.33  80.54   207.84 218.05    69.79  80.00    75.37  85.58    69.11  79.31
2021-11-03   309.57 -19.31    70.88  80.04    70.86  80.01   208.37 217.52    70.31  79.47    75.90  85.05    69.63  78.79
2021-11-04   309.61 -19.30    71.48  79.44    71.45  79.41   208.97 216.92    70.91  78.87    76.49  84.45    70.23  78.19

2022-05-11   327.15 -14.34   246.65 254.02   246.62 254.00    24.13  31.51   246.08 253.45   251.66 259.04   245.40 252.77
2022-05-12   327.19 -14.33   246.08 254.61   246.05 254.59    23.57  32.10   245.51 254.04   251.09 259.63   244.83 253.36
2022-05-13   327.23 -14.32   245.51 255.20   245.49 255.18    23.00  32.69   244.94 254.63   250.53 260.22   244.26 253.95
2022-05-14   327.27 -14.31   245.27 255.47   245.24 255.45    22.75  32.96   244.70 254.90   250.28 260.49   244.02 254.22
2022-05-15   327.30 -14.30   245.28 255.48   245.26 255.46    22.77  32.97   244.71 254.91   250.30 260.50   244.03 254.23
2022-05-16   327.33 -14.29   245.30 255.50   245.27 255.47    22.78  32.98   244.73 254.93   250.31 260.51   244.05 254.25
2022-05-17   327.37 -14.29   245.31 255.51   245.28 255.48    22.80  33.00   244.74 254.94   250.32 260.53   244.06 254.26
2022-05-18   327.40 -14.28   245.32 255.53   245.30 255.50    22.81  33.01   244.75 254.96   250.34 260.54   244.07 254.28
2022-05-19   327.43 -14.27   245.33 255.54   245.31 255.52    22.82  33.03   244.76 254.97   250.35 260.56   244.08 254.29
2022-05-20   327.45 -14.27   245.34 255.56   245.32 255.54    22.83  33.05   244.77 254.99   250.36 260.58   244.09 254.31
2022-05-21   327.48 -14.26   245.35 255.59   245.33 255.56    22.84  33.07   244.78 255.02   250.37 260.60   244.10 254.34
2022-05-22   327.50 -14.26   245.36 255.61   245.34 255.58    22.85  33.10   244.79 255.04   250.38 260.63   244.11 254.36
2022-05-23   327.52 -14.25   245.37 255.64   245.35 255.61    22.86  33.12   244.80 255.07   250.39 260.65   244.12 254.39
2022-05-24   327.55 -14.25   245.38 255.66   245.35 255.64    22.87  33.15   244.81 255.09   250.39 260.68   244.13 254.41
2022-05-25   327.57 -14.25   245.39 255.69   245.36 255.67    22.87  33.18   244.82 255.12   250.40 260.71   244.13 254.44
2022-05-26   327.58 -14.25   245.39 255.73   245.36 255.70    22.88  33.21   244.82 255.16   250.41 260.74   244.14 254.48
2022-05-27   327.60 -14.24   245.40 255.76   245.37 255.73    22.88  33.25   244.83 255.19   250.41 260.78   244.15 254.51
2022-05-28   327.61 -14.24   245.40 255.80   245.37 255.77    22.89  33.28   244.83 255.23   250.42 260.81   244.15 254.55
2022-05-29   327.63 -14.24   245.40 255.84   245.38 255.81    22.89  33.32   244.83 255.27   250.42 260.85   244.15 254.58
2022-05-30   327.64 -14.24   245.41 255.88   245.38 255.85    22.89  33.36   244.84 255.31   250.42 260.89   244.15 254.63
2022-05-31   327.65 -14.24   245.41 255.92   245.38 255.89    22.89  33.41   244.84 255.35   250.42 260.93   244.16 254.67
2022-06-01   327.66 -14.24   245.41 255.96   245.38 255.94    22.89  33.45   244.84 255.39   250.42 260.98   244.16 254.71
2022-06-02   327.66 -14.24   245.41 256.01   245.38 255.99    22.89  33.50   244.84 255.44   250.42 261.03   244.16 254.76
2022-06-03   327.67 -14.25   245.40 256.06   245.38 256.04    22.89  33.55   244.83 255.49   250.42 261.08   244.15 254.81
2022-06-04   327.67 -14.25   245.40 256.12   245.37 256.09    22.89  33.60   244.83 255.55   250.42 261.13   244.15 254.87
2022-06-05   327.67 -14.25   245.40 256.17   245.37 256.15    22.88  33.66   244.83 255.60   250.41 261.19   244.15 254.92
2022-06-06   327.67 -14.26   245.39 256.23   245.37 256.20    22.88  33.72   244.82 255.66   250.41 261.25   244.14 254.98
2022-06-07   327.67 -14.26   245.39 256.29   245.36 256.27    22.87  33.78   244.82 255.72   250.40 261.31   244.13 255.04
2022-06-08   327.67 -14.27   245.38 256.36   245.35 256.33    22.87  33.84   244.81 255.79   250.39 261.37   244.13 255.11
2022-06-09   327.66 -14.27   245.37 256.42   245.34 256.40    22.86  33.91   244.80 255.85   250.38 261.44   244.12 255.17
2022-06-10   327.66 -14.28   245.36 256.49   245.33 256.47    22.85  33.98   244.79 255.92   250.37 261.51   244.11 255.24
2022-06-11   327.65 -14.28   245.35 256.57   245.32 256.54    22.83  34.05   244.78 256.00   250.36 261.58   244.10 255.32
2022-06-12   327.64 -14.29   245.33 256.64   245.31 256.62    22.82  34.13   244.76 256.07   250.35 261.66   244.08 255.39
2022-06-13   327.63 -14.30   245.32 256.72   245.29 256.70    22.81  34.21   244.75 256.15   250.33 261.74   244.07 255.47
2022-06-14   327.61 -14.31   245.30 256.81   245.28 256.78    22.79  34.29   244.73 256.24   250.32 261.82   244.05 255.56
2022-06-15   327.60 -14.31   245.29 256.89   245.26 256.87    22.77  34.38   244.72 256.32   250.30 261.91   244.03 255.64
2022-06-16   327.58 -14.32   245.27 256.99   245.24 256.96    22.75  34.47   244.70 256.42   250.28 262.00   244.01 255.73
2022-06-17   327.57 -14.33   245.24 257.08   245.22 257.05    22.73  34.57   244.67 256.51   250.26 262.10   243.99 255.83
2022-06-18   327.55 -14.34   245.22 257.18   245.19 257.15    22.71  34.67   244.65 256.61   250.24 262.19   243.97 255.93
2022-06-19   327.53 -14.35   245.19 257.28   245.17 257.26    22.68  34.77   244.62 256.71   250.21 262.30   243.94 256.03
2022-06-20   327.50 -14.37   245.17 257.39   245.14 257.36    22.65  34.88   244.60 256.82   250.18 262.41   243.92 256.14
2022-06-21   327.48 -14.38   245.14 257.50   245.11 257.48    22.62  34.99   244.57 256.93   250.15 262.52   243.89 256.25
2022-06-22   327.45 -14.39   245.10 257.62   245.08 257.59    22.59  35.11   244.53 257.05   250.12 262.64   243.85 256.37
2022-06-23   327.43 -14.40   245.07 257.74   245.04 257.72    22.56  35.23   244.50 257.17   250.08 262.76   243.82 256.49
2022-06-24   327.40 -14.42   245.03 257.87   245.00 257.85    22.52  35.36   244.46 257.30   250.05 262.89   243.78 256.62
2022-06-25   327.37 -14.43   244.99 258.01   244.96 257.98    22.48  35.49   244.42 257.44   250.00 263.02   243.74 256.75
2022-06-26   327.34 -14.44   244.94 258.15   244.92 258.12    22.43  35.63   244.37 257.58   249.96 263.16   243.69 256.89
2022-06-27   327.30 -14.46   244.90 258.29   244.87 258.27    22.38  35.78   244.33 257.72   249.91 263.31   243.65 257.04
2022-06-28   327.27 -14.47   244.85 258.45   244.82 258.42    22.33  35.93   244.28 257.88   249.86 263.46   243.59 257.19
2022-06-29   327.23 -14.49   244.79 258.61   244.76 258.58    22.28  36.09   244.22 258.04   249.81 263.62   243.54 257.35
2022-06-30   327.20 -14.51   244.73 258.77   244.70 258.75    22.22  36.26   244.16 258.20   249.75 263.79   243.48 257.52
2022-07-01   327.16 -14.52   244.67 258.95   244.64 258.92    22.15  36.44   244.10 258.38   249.68 263.96   243.42 257.70

2022-09-28   321.59 -16.45    63.64  77.87    63.62  77.84   201.13 215.35    63.07  77.30    68.66  82.88    62.39  76.62
2022-09-29   321.55 -16.46    63.82  77.80    63.79  77.77   201.30 215.29    63.25  77.23    68.83  82.82    62.56  76.55
2022-09-30   321.51 -16.47    63.98  77.74    63.95  77.71   201.47 215.23    63.41  77.17    68.99  82.75    62.73  76.49
2022-10-01   321.47 -16.48    64.14  77.68    64.11  77.65   201.62 215.17    63.57  77.11    69.15  82.69    62.88  76.43
2022-10-02   321.44 -16.49    64.28  77.62    64.26  77.60   201.77 215.11    63.71  77.05    69.30  82.64    63.03  76.37
2022-10-03   321.40 -16.50    64.43  77.57    64.40  77.55   201.91 215.06    63.86  77.00    69.44  82.59    63.18  76.32
2022-10-04   321.37 -16.51    64.56  77.53    64.54  77.50   202.05 215.01    63.99  76.96    69.58  82.54    63.31  76.27
2022-10-05   321.34 -16.52    64.69  77.48    64.67  77.45   202.18 214.97    64.12  76.91    69.71  82.50    63.44  76.23
2022-10-06   321.31 -16.53    64.82  77.44    64.79  77.41   202.30 214.93    64.25  76.87    69.83  82.45    63.56  76.19
2022-10-07   321.28 -16.54    64.93  77.40    64.91  77.37   202.42 214.89    64.36  76.83    69.95  82.41    63.68  76.15
2022-10-08   321.26 -16.54    65.05  77.36    65.02  77.34   202.53 214.85    64.48  76.79    70.06  82.38    63.80  76.11
2022-10-09   321.23 -16.55    65.16  77.33    65.13  77.30   202.64 214.82    64.59  76.76    70.17  82.34    63.90  76.08
2022-10-10   321.21 -16.56    65.26  77.30    65.23  77.27   202.75 214.78    64.69  76.73    70.27  82.31    64.01  76.05
2022-10-11   321.19 -16.56    65.36  77.27    65.33  77.24   202.84 214.75    64.79  76.70    70.37  82.28    64.11  76.02
2022-10-12   321.17 -16.57    65.45  77.24    65.43  77.21   202.94 214.73    64.88  76.67    70.47  82.25    64.20  75.99
2022-10-13   321.15 -16.57    65.54  77.21    65.52  77.19   203.03 214.70    64.97  76.64    70.56  82.23    64.29  75.96
2022-10-14   321.14 -16.58    65.63  77.19    65.60  77.16   203.12 214.68    65.06  76.62    70.64  82.20    64.38  75.94
2022-10-15   321.12 -16.58    65.71  77.17    65.68  77.14   203.20 214.65    65.14  76.60    70.73  82.18    64.46  75.92
2022-10-16   321.11 -16.59    65.79  77.15    65.76  77.12   203.28 214.63    65.22  76.58    70.80  82.16    64.54  75.90
2022-10-17   321.10 -16.59    65.86  77.13    65.84  77.10   203.35 214.61    65.29  76.56    70.88  82.14    64.61  75.88
2022-10-18   321.09 -16.59    65.94  77.11    65.91  77.08   203.42 214.60    65.37  76.54    70.95  82.12    64.69  75.86
2022-10-19   321.08 -16.59    66.00  77.09    65.98  77.07   203.49 214.58    65.43  76.52    71.02  82.11    64.75  75.84
2022-10-20   321.07 -16.59    66.07  77.08    66.04  77.05   203.56 214.57    65.50  76.51    71.08  82.09    64.82  75.83
2022-10-21   321.07 -16.59    66.13  77.07    66.10  77.04   203.62 214.55    65.56  76.50    71.15  82.08    64.88  75.82
2022-10-22   321.07 -16.59    66.19  77.05    66.16  77.03   203.68 214.54    65.62  76.48    71.21  82.07    64.94  75.80
2022-10-23   321.07 -16.59    66.25  77.04    66.22  77.02   203.73 214.53    65.68  76.47    71.26  82.06    65.00  75.79
2022-10-24   321.07 -16.59    66.30  77.03    66.27  77.01   203.79 214.52    65.73  76.46    71.31  82.05    65.05  75.78
2022-10-25   321.07 -16.59    66.35  77.03    66.32  77.00   203.84 214.51    65.78  76.46    71.36  82.04    65.10  75.77
2022-10-26   321.07 -16.59    66.40  77.02    66.37  76.99   203.88 214.51    65.83  76.45    71.41  82.03    65.15  75.77
2022-10-27   321.08 -16.59    66.44  77.01    66.42  76.99   203.93 214.50    65.87  76.44    71.46  82.03    65.19  75.76
2022-10-28   321.08 -16.58    66.48  77.01    66.46  76.98   203.97 214.49    65.91  76.44    71.50  82.02    65.23  75.76
2022-10-29   321.09 -16.58    66.52  77.00    66.50  76.98   204.01 214.49    65.95  76.43    71.54  82.02    65.27  75.75
2022-10-30   321.10 -16.58    66.56  77.00    66.54  76.97   204.05 214.49    65.99  76.43    71.58  82.01    65.31  75.75
2022-10-31   321.12 -16.57    66.60  77.00    66.57  76.97   204.08 214.48    66.03  76.43    71.61  82.01    65.35  75.75
2022-11-01   321.13 -16.57    66.63  77.00    66.60  76.97   204.12 214.48    66.06  76.43    71.64  82.01    65.38  75.75
2022-11-02   321.15 -16.56    66.66  77.00    66.63  76.97   204.15 214.48    66.09  76.43    71.68  82.01    65.41  75.75
2022-11-03   321.16 -16.56    66.69  77.00    66.66  76.97   204.18 214.48    66.12  76.43    71.70  82.01    65.44  75.75
2022-11-04   321.18 -16.55    66.71  77.00    66.69  76.97   204.20 214.49    66.14  76.43    71.73  82.01    65.46  75.75
2022-11-05   321.20 -16.54    66.74  77.00    66.71  76.97   204.23 214.49    66.17  76.43    71.75  82.02    65.49  75.75
2022-11-06   321.23 -16.53    66.76  77.00    66.73  76.98   204.25 214.49    66.19  76.43    71.77  82.02    65.51  75.75
2022-11-07   321.25 -16.53    66.78  77.01    66.75  76.98   204.27 214.50    66.21  76.44    71.79  82.02    65.53  75.76
2022-11-08   321.28 -16.52    66.80  77.01    66.77  76.99   204.28 214.50    66.23  76.44    71.81  82.03    65.55  75.76
2022-11-09   321.30 -16.51    66.81  77.02    66.79  76.99   204.30 214.51    66.24  76.45    71.83  82.04    65.56  75.77
2022-11-10   321.33 -16.50    66.82  77.03    66.80  77.00   204.31 214.52    66.25  76.46    71.84  82.04    65.57  75.78
2022-11-11   321.36 -16.49    66.84  77.04    66.81  77.01   204.32 214.52    66.27  76.47    71.85  82.05    65.59  75.79
2022-11-12   321.39 -16.48    66.85  77.05    66.82  77.02   204.33 214.53    66.28  76.48    71.86  82.06    65.59  75.80
2022-11-13   321.43 -16.47    66.85  77.06    66.83  77.03   204.34 214.54    66.28  76.49    71.87  82.07    65.60  75.81
2022-11-14   321.46 -16.45    66.86  77.07    66.83  77.04   204.35 214.55    66.29  76.50    71.87  82.08    65.61  75.82
2022-11-15   321.50 -16.44    67.40  76.54    67.37  76.51   204.89 214.03    66.83  75.97    72.42  81.56    66.15  75.29
2022-11-16   321.54 -16.43    68.01  75.94    67.99  75.92   205.50 213.43    67.44  75.37    73.03  80.96    66.76  74.69

2023-05-24   338.75 -10.53   244.24 252.02   244.21 252.00    21.73  29.51   243.67 251.45   249.26 257.04   242.99 250.77
2023-05-25   338.79 -10.52   243.68 252.62   243.66 252.60    21.17  30.11   243.11 252.05   248.70 257.64   242.43 251.37
2023-05-26   338.83 -10.51   243.13 253.22   243.10 253.20    20.61  30.71   242.56 252.65   248.14 258.24   241.88 251.97
2023-05-27   338.86 -10.50   243.10 253.30   243.07 253.27    20.58  30.79   242.53 252.73   248.11 258.32   241.84 252.05
2023-05-28   338.90 -10.49   243.12 253.32   243.09 253.29    20.61  30.81   242.55 252.75   248.14 258.34   241.87 252.07
2023-05-29   338.93 -10.49   243.14 253.34   243.12 253.32    20.63  30.83   242.57 252.77   248.16 258.36   241.89 252.09
2023-05-30   338.96 -10.48   243.17 253.37   243.14 253.34    20.65  30.86   242.60 252.80   248.18 258.38   241.92 252.12
2023-05-31   338.99 -10.47   243.19 253.40   243.16 253.37    20.68  30.88   242.62 252.83   248.20 258.41   241.94 252.14
2023-06-01   339.02 -10.46   243.21 253.42   243.18 253.40    20.70  30.91   242.64 252.85   248.22 258.44   241.96 252.17
2023-06-02   339.05 -10.46   243.23 253.45   243.20 253.43    20.72  30.94   242.66 252.88   248.24 258.47   241.98 252.20
2023-06-03   339.07 -10.45   243.25 253.49   243.22 253.46    20.74  30.97   242.68 252.92   248.26 258.50   242.00 252.23
2023-06-04   339.10 -10.45   243.27 253.52   243.24 253.49    20.75  31.01   242.70 252.95   248.28 258.53   242.02 252.27
2023-06-05   339.12 -10.44   243.28 253.55   243.26 253.53    20.77  31.04   242.71 252.98   248.30 258.57   242.03 252.30
2023-06-06   339.14 -10.44   243.30 253.59   243.27 253.57    20.79  31.08   242.73 253.02   248.31 258.61   242.05 252.34
2023-06-07   339.16 -10.44   243.31 253.63   243.29 253.61    20.80  31.12   242.74 253.06   248.33 258.65   242.06 252.38
2023-06-08   339.18 -10.43   243.33 253.67   243.30 253.65    20.82  31.16   242.76 253.10   248.34 258.69   242.08 252.42
2023-06-09   339.19 -10.43   243.34 253.72   243.31 253.69    20.83  31.20   242.77 253.15   248.36 258.73   242.09 252.47
2023-06-10   339.21 -10.43   243.35 253.76   243.33 253.74    20.84  31.25   242.78 253.19   248.37 258.78   242.10 252.51
2023-06-11   339.22 -10.43   243.36 253.81   243.34 253.78    20.85  31.30   242.79 253.24   248.38 258.83   242.11 252.56
2023-06-12   339.23 -10.43   243.37 253.86   243.35 253.83    20.86  31.35   242.80 253.29   248.39 258.88   242.12 252.61
2023-06-13   339.24 -10.43   243.38 253.91   243.36 253.89    20.87  31.40   242.81 253.34   248.40 258.93   242.13 252.66
2023-06-14   339.25 -10.43   243.39 253.97   243.36 253.94    20.88  31.45   242.82 253.40   248.41 258.98   242.14 252.72
2023-06-15   339.25 -10.43   243.40 254.02   243.37 254.00    20.89  31.51   242.83 253.45   248.41 259.04   242.15 252.77
2023-06-16   339.26 -10.44   243.40 254.08   243.38 254.06    20.89  31.57   242.83 253.51   248.42 259.10   242.15 252.83
2023-06-17   339.26 -10.44   243.41 254.14   243.38 254.12    20.89  31.63   242.84 253.57   248.42 259.16   242.16 252.89
2023-06-18   339.26 -10.44   243.41 254.21   243.38 254.18    20.90  31.70   242.84 253.64   248.43 259.22   242.16 252.96
2023-06-19   339.26 -10.45   243.41 254.28   243.39 254.25    20.90  31.76   242.84 253.71   248.43 259.29   242.16 253.03
2023-06-20   339.26 -10.45   243.41 254.35   243.39 254.32    20.90  31.83   242.84 253.78   248.43 259.36   242.16 253.10
2023-06-21   339.26 -10.46   243.41 254.42   243.39 254.39    20.90  31.91   242.84 253.85   248.43 259.43   242.16 253.17
2023-06-22   339.25 -10.47   243.41 254.49   243.38 254.47    20.90  31.98   242.84 253.92   248.42 259.51   242.16 253.24
2023-06-23   339.24 -10.47   243.41 254.57   243.38 254.55    20.89  32.06   242.84 254.00   248.42 259.59   242.15 253.32
2023-06-24   339.24 -10.48   243.40 254.65   243.37 254.63    20.89  32.14   242.83 254.08   248.42 259.67   242.15 253.40
2023-06-25   339.23 -10.49   243.39 254.74   243.37 254.71    20.88  32.23   242.82 254.17   248.41 259.75   242.14 253.49
2023-06-26   339.21 -10.50   243.39 254.83   243.36 254.80    20.87  32.31   242.82 254.26   248.40 259.84   242.13 253.58
2023-06-27   339.20 -10.51   243.38 254.92   243.35 254.89    20.86  32.41   242.81 254.35   248.39 259.93   242.12 253.67
2023-06-28   339.19 -10.52   243.36 255.02   243.34 254.99    20.85  32.50   242.79 254.45   248.38 260.03   242.11 253.76
2023-06-29   339.17 -10.53   243.35 255.11   243.32 255.09    20.84  32.60   242.78 254.54   248.36 260.13   242.10 253.86
2023-06-30   339.15 -10.54   243.33 255.22   243.31 255.19    20.82  32.71   242.76 254.65   248.35 260.23   242.08 253.97
2023-07-01   339.13 -10.55   243.32 255.33   243.29 255.30    20.80  32.81   242.75 254.76   248.33 260.34   242.07 254.07
2023-07-02   339.11 -10.56   243.30 255.44   243.27 255.41    20.78  32.92   242.73 254.87   248.31 260.45   242.05 254.19
2023-07-03   339.09 -10.57   243.27 255.55   243.25 255.53    20.76  33.04   242.70 254.98   248.29 260.57   242.02 254.30
2023-07-04   339.07 -10.59   243.25 255.68   243.22 255.65    20.74  33.16   242.68 255.11   248.26 260.69   242.00 254.42
2023-07-05   339.04 -10.60   243.22 255.80   243.20 255.78    20.71  33.29   242.65 255.23   248.24 260.82   241.97 254.55
2023-07-06   339.02 -10.61   243.19 255.93   243.17 255.91    20.68  33.42   242.62 255.36   248.21 260.95   241.94 254.68
2023-07-07   338.99 -10.63   243.16 256.07   243.13 256.05    20.65  33.56   242.59 255.50   248.18 261.09   241.91 254.82
2023-07-08   338.96 -10.64   243.12 256.22   243.10 256.19    20.61  33.70   242.55 255.65   248.14 261.23   241.87 254.96
2023-07-09   338.93 -10.66   243.09 256.37   243.06 256.34    20.57  33.85   242.52 255.80   248.10 261.38   241.84 255.11
2023-07-10   338.89 -10.68   243.04 256.52   243.02 256.50    20.53  34.01   242.47 255.95   248.06 261.54   241.79 255.27
2023-07-11   338.86 -10.69   243.00 256.69   242.97 256.66    20.49  34.17   242.43 256.12   248.02 261.70   241.75 255.43
2023-07-12   338.82 -10.71   242.95 256.86   242.92 256.83    20.44  34.34   242.38 256.29   247.97 261.87   241.70 255.61
2023-07-13   338.79 -10.73   242.90 257.04   242.87 257.01    20.39  34.52   242.33 256.47   247.91 262.05   241.65 255.78
2023-07-14   338.75 -10.75   242.84 257.22   242.81 257.20    20.33  34.71   242.27 256.65   247.86 262.24   241.59 255.97

2023-10-10   333.37 -12.88    60.43  74.78    60.41  74.76   197.92 212.27    59.86  74.21    65.45  79.80    59.18  73.53
2023-10-11   333.33 -12.89    60.62  74.73    60.59  74.70   198.11 212.21    60.05  74.16    65.64  79.74    59.37  73.47
2023-10-12   333.29 -12.91    60.80  74.67    60.77  74.64   198.29 212.16    60.23  74.10    65.81  79.69    59.55  73.42
2023-10-13   333.26 -12.92    60.97  74.62    60.94  74.59   198.46 212.11    60.40  74.05    65.98  79.63    59.72  73.37
2023-10-14   333.22 -12.93    61.13  74.57    61.11  74.55   198.62 212.06    60.56  74.00    66.15  79.59    59.88  73.32
2023-10-15   333.19 -12.94    61.29  74.53    61.26  74.50   198.78 212.02    60.72  73.96    66.30  79.54    60.04  73.28
2023-10-16   333.15 -12.95    61.44  74.49    61.41  74.46   198.92 211.97    60.87  73.92    66.45  79.50    60.19  73.24
2023-10-17   333.12 -12.96    61.58  74.45    61.55  74.42   199.07 211.94    61.01  73.88    66.59  79.46    60.33  73.20
2023-10-18   333.10 -12.97    61.72  74.41    61.69  74.39   199.20 211.90    61.15  73.84    66.73  79.43    60.46  73.16
2023-10-19   333.07 -12.98    61.85  74.38    61.82  74.36   199.33 211.87    61.28  73.81    66.86  79.40    60.60  73.13
2023-10-20   333.04 -12.99    61.97  74.35    61.94  74.33   199.46 211.84    61.40  73.78    66.99  79.37    60.72  73.10
2023-10-21   333.02 -13.00    62.09  74.32    62.06  74.30   199.58 211.81    61.52  73.75    67.11  79.34    60.84  73.07
2023-10-22   332.99 -13.00    62.20  74.30    62.18  74.27   199.69 211.79    61.63  73.73    67.22  79.31    60.95  73.05
2023-10-23   332.97 -13.01    62.31  74.28    62.29  74.25   199.80 211.76    61.74  73.71    67.33  79.29    61.06  73.02
2023-10-24   332.95 -13.02    62.42  74.25    62.39  74.23   199.91 211.74    61.85  73.68    67.43  79.27    61.17  73.00
2023-10-25   332.93 -13.02    62.52  74.24    62.49  74.21   200.01 211.72    61.95  73.67    67.53  79.25    61.27  72.98
2023-10-26   332.92 -13.03    62.62  74.22    62.59  74.19   200.10 211.71    62.05  73.65    67.63  79.23    61.36  72.97
2023-10-27   332.90 -13.03    62.71  74.20    62.68  74.18   200.20 211.69    62.14  73.63    67.72  79.22    61.46  72.95
2023-10-28   332.89 -13.03    62.80  74.19    62.77  74.16   200.28 211.68    62.23  73.62    67.81  79.20    61.55  72.94
2023-10-29   332.88 -13.04    62.88  74.18    62.85  74.15   200.37 211.66    62.31  73.61    67.90  79.19    61.63  72.93
2023-10-30   332.87 -13.04    62.96  74.17    62.94  74.14   200.45 211.65    62.39  73.60    67.98  79.18    61.71  72.92
2023-10-31   332.86 -13.04    63.04  74.16    63.01  74.13   200.53 211.64    62.47  73.59    68.05  79.17    61.79  72.91
2023-11-01   332.85 -13.04    63.11  74.15    63.09  74.12   200.60 211.64    62.54  73.58    68.13  79.16    61.86  72.90
2023-11-02   332.85 -13.04    63.18  74.14    63.16  74.12   200.67 211.63    62.61  73.57    68.20  79.16    61.93  72.89
2023-11-03   332.84 -13.04    63.25  74.14    63.23  74.11   200.74 211.62    62.68  73.57    68.27  79.15    62.00  72.89
2023-11-04   332.84 -13.04    63.32  74.13    63.29  74.11   200.81 211.62    62.75  73.56    68.33  79.15    62.07  72.88
2023-11-05   332.84 -13.04    63.38  74.13    63.35  74.10   200.87 211.62    62.81  73.56    68.39  79.15    62.13  72.88
2023-11-06   332.84 -13.04    63.44  74.13    63.41  74.10   200.93 211.62    62.87  73.56    68.45  79.15    62.19  72.88
2023-11-07   332.84 -13.04    63.50  74.13    63.47  74.10   200.98 211.62    62.93  73.56    68.51  79.15    62.24  72.88
2023-11-08   332.85 -13.03    63.55  74.13    63.52  74.10   201.04 211.62    62.98  73.56    68.56  79.15    62.30  72.88
2023-11-09   332.86 -13.03    63.60  74.13    63.57  74.11   201.09 211.62    63.03  73.56    68.62  79.15    62.35  72.88
2023-11-10   332.86 -13.02    63.65  74.14    63.62  74.11   201.14 211.62    63.08  73.57    68.66  79.15    62.40  72.89
2023-11-11   332.87 -13.02    63.70  74.14    63.67  74.12   201.18 211.63    63.13  73.57    68.71  79.16    62.44  72.89
2023-11-12   332.88 -13.01    63.74  74.15    63.71  74.12   201.23 211.63    63.17  73.58    68.75  79.16    62.49  72.90
2023-11-13   332.90 -13.01    63.78  74.15    63.75  74.13   201.27 211.64    63.21  73.58    68.80  79.17    62.53  72.90
2023-11-14   332.91 -13.00    63.82  74.16    63.79  74.14   201.31 211.65    63.25  73.59    68.84  79.18    62.57  72.91
2023-11-15   332.93 -12.99    63.86  74.17    63.83  74.14   201.34 211.66    63.29  73.60    68.87  79.19    62.61  72.92
2023-11-16   332.95 -12.98    63.89  74.18    63.87  74.15   201.38 211.67    63.32  73.61    68.91  79.20    62.64  72.93
2023-11-17   332.97 -12.97    63.93  74.19    63.90  74.17   201.41 211.68    63.36  73.62    68.94  79.21    62.67  72.94
2023-11-18   332.99 -12.96    63.96  74.20    63.93  74.18   201.44 211.69    63.39  73.63    68.97  79.22    62.71  72.95
2023-11-19   333.01 -12.95    63.98  74.22    63.96  74.19   201.47 211.70    63.41  73.65    69.00  79.23    62.73  72.97
2023-11-20   333.03 -12.94    64.01  74.23    63.98  74.20   201.50 211.72    63.44  73.66    69.03  79.25    62.76  72.98
2023-11-21   333.06 -12.93    64.04  74.25    64.01  74.22   201.52 211.73    63.47  73.68    69.05  79.26    62.79  73.00
2023-11-22   333.09 -12.92    64.06  74.26    64.03  74.24   201.55 211.75    63.49  73.69    69.07  79.28    62.81  73.01
2023-11-23   333.12 -12.91    64.08  74.28    64.05  74.25   201.57 211.77    63.51  73.71    69.09  79.30    62.83  73.03
2023-11-24   333.15 -12.90    64.10  74.30    64.07  74.27   201.59 211.79    63.53  73.73    69.11  79.31    62.85  73.05
2023-11-25   333.18 -12.88    64.12  74.32    64.09  74.29   201.60 211.81    63.55  73.75    69.13  79.33    62.86  73.07
2023-11-26   333.22 -12.87    64.13  74.34    64.10  74.31   201.62 211.83    63.56  73.77    69.15  79.35    62.88  73.09
2023-11-27   333.25 -12.85    64.66  73.85    64.63  73.82   202.14 211.34    64.09  73.28    69.67  78.86    63.41  72.60
2023-11-28   333.29 -12.84    65.28  73.26    65.26  73.23   202.77 210.74    64.71  72.69    70.30  78.27    64.03  72.01
