Using Equatorial Coordinates

       Target

Checked interval [2020-01-01, 2023-12-31]
|           Window [days]                 |    Normal V3 PA [deg]    |            RA             |            Dec            |
   Start           End         Duration         Start         End        Start          End          Start          End     
 2020-01-01      2020-01-28        27.90      69.64537      69.92593      30.38404      30.46789      11.83719      11.88336 
 2020-07-27      2020-09-17        52.00     251.77564     252.00738      38.02818      37.71582      14.46594      14.36151 
 2020-12-13      2021-01-31        48.97      70.38405      70.82300      34.65285      34.36500      13.35851      13.28637 
 2021-08-01      2021-09-21        51.09     252.84177     252.99335      42.05354      41.74271      15.75651      15.66207 
 2021-12-18      2022-02-04        48.00      71.38420      71.83260      38.60640      38.32908      14.69903      14.63737 
 2022-08-05      2022-09-26        52.00     253.99340     254.09161      46.13971      45.82060      16.97614      16.88835 
 2022-12-22      2023-02-09        49.00      72.49520      72.96590      42.65738      42.38022      15.98698      15.93345 
 2023-08-10      2023-10-01        52.00     255.24772     255.30419      50.31955      49.97733      18.12456      18.03968 
 2023-12-26      2023-12-31         4.10      73.70440      73.75881      46.68474      46.68474      17.18066      17.18066 


                                V3PA          NIRCam           NIRSpec         NIRISS           MIRI          FGS
   Date      RA     Dec      min    max      min    max       min    max     min    max      min    max      min    max
2020-01-01    30.38  11.84    64.11  75.18    64.08  75.15   201.60 212.67    63.54  74.61    69.13  80.20    62.86  73.93
2020-01-02    30.38  11.83    64.16  75.15    64.13  75.12   201.65 212.63    63.59  74.58    69.17  80.16    62.91  73.90
2020-01-03    30.37  11.83    64.20  75.11    64.18  75.09   201.69 212.60    63.63  74.54    69.22  80.13    62.95  73.86
2020-01-04    30.36  11.83    64.25  75.09    64.22  75.06   201.74 212.57    63.68  74.52    69.26  80.10    63.00  73.84
2020-01-05    30.36  11.83    64.29  75.06    64.26  75.03   201.78 212.55    63.72  74.49    69.31  80.07    63.04  73.81
2020-01-06    30.35  11.83    64.33  75.04    64.30  75.01   201.82 212.52    63.76  74.47    69.34  80.05    63.08  73.78
2020-01-07    30.35  11.83    64.37  75.01    64.34  74.99   201.85 212.50    63.80  74.44    69.38  80.03    63.12  73.76
2020-01-08    30.34  11.83    64.40  74.99    64.38  74.97   201.89 212.48    63.83  74.42    69.42  80.01    63.15  73.74
2020-01-09    30.34  11.83    64.44  74.98    64.41  74.95   201.92 212.46    63.87  74.41    69.45  79.99    63.19  73.73
2020-01-10    30.34  11.83    64.47  74.96    64.44  74.93   201.96 212.45    63.90  74.39    69.48  79.98    63.22  73.71
2020-01-11    30.34  11.83    64.50  74.95    64.47  74.92   201.99 212.44    63.93  74.38    69.52  79.96    63.25  73.70
2020-01-12    30.34  11.83    64.53  74.94    64.50  74.91   202.02 212.42    63.96  74.37    69.54  79.95    63.28  73.69
2020-01-13    30.34  11.83    64.56  74.93    64.53  74.90   202.04 212.42    63.99  74.36    69.57  79.94    63.31  73.68
2020-01-14    30.34  11.83    64.58  74.92    64.56  74.90   202.07 212.41    64.01  74.35    69.60  79.94    63.33  73.67
2020-01-15    30.34  11.83    64.61  74.92    64.58  74.89   202.09 212.40    64.04  74.35    69.62  79.93    63.36  73.67
2020-01-16    30.35  11.83    64.63  74.91    64.60  74.89   202.12 212.40    64.06  74.34    69.64  79.93    63.38  73.66
2020-01-17    30.35  11.83    64.65  74.91    64.62  74.89   202.14 212.40    64.08  74.34    69.67  79.93    63.40  73.66
2020-01-18    30.35  11.84    64.67  74.91    64.64  74.89   202.16 212.40    64.10  74.34    69.69  79.93    63.42  73.66
2020-01-19    30.36  11.84    64.69  74.92    64.66  74.89   202.18 212.40    64.12  74.35    69.70  79.93    63.44  73.67
2020-01-20    30.37  11.84    64.71  74.92    64.68  74.90   202.19 212.41    64.14  74.35    69.72  79.94    63.46  73.67
2020-01-21    30.38  11.85    64.72  74.93    64.70  74.90   202.21 212.42    64.15  74.36    69.74  79.94    63.47  73.68
2020-01-22    30.38  11.85    64.74  74.94    64.71  74.91   202.22 212.43    64.17  74.37    69.75  79.95    63.49  73.69
2020-01-23    30.39  11.85    64.75  74.95    64.72  74.92   202.24 212.44    64.18  74.38    69.76  79.96    63.50  73.70
2020-01-24    30.40  11.86    64.76  74.96    64.73  74.94   202.25 212.45    64.19  74.39    69.78  79.98    63.51  73.71
2020-01-25    30.41  11.86    64.77  74.98    64.74  74.95   202.26 212.46    64.20  74.41    69.79  79.99    63.52  73.73
2020-01-26    30.43  11.87    65.00  74.77    64.97  74.75   202.49 212.26    64.43  74.20    70.02  79.79    63.75  73.52
2020-01-27    30.44  11.87    65.65  74.15    65.62  74.12   203.14 211.64    65.08  73.58    70.66  79.17    64.40  72.90
2020-01-28    30.45  11.88    66.30  73.53    66.27  73.50   203.78 211.02    65.73  72.96    71.31  78.55    65.04  72.28

2020-07-28    38.03  14.47   248.29 255.26   248.26 255.24    25.78  32.75   247.72 254.69   253.30 260.28   247.04 254.01
2020-07-29    38.04  14.47   247.70 255.87   247.68 255.84    25.19  33.35   247.13 255.30   252.72 260.88   246.45 254.62
2020-07-30    38.06  14.47   247.12 256.47   247.09 256.44    24.61  33.96   246.55 255.90   252.13 261.49   245.87 255.22
2020-07-31    38.07  14.48   246.70 256.91   246.67 256.88    24.19  34.39   246.13 256.34   251.71 261.92   245.45 255.66
2020-08-01    38.08  14.48   246.71 256.91   246.68 256.89    24.20  34.40   246.14 256.34   251.72 261.93   245.46 255.66
2020-08-02    38.09  14.49   246.72 256.92   246.69 256.89    24.21  34.41   246.15 256.35   251.73 261.93   245.47 255.67
2020-08-03    38.10  14.49   246.73 256.93   246.70 256.90    24.21  34.41   246.16 256.36   251.74 261.94   245.48 255.68
2020-08-04    38.11  14.49   246.73 256.94   246.71 256.91    24.22  34.42   246.16 256.37   251.75 261.95   245.48 255.68
2020-08-05    38.12  14.49   246.74 256.95   246.71 256.92    24.22  34.43   246.17 256.38   251.75 261.96   245.49 255.70
2020-08-06    38.13  14.50   246.74 256.96   246.71 256.93    24.23  34.44   246.17 256.39   251.75 261.97   245.49 255.71
2020-08-07    38.14  14.50   246.74 256.97   246.71 256.94    24.23  34.46   246.17 256.40   251.75 261.99   245.49 255.72
2020-08-08    38.14  14.50   246.74 256.98   246.71 256.96    24.23  34.47   246.17 256.41   251.75 262.00   245.49 255.73
2020-08-09    38.15  14.50   246.73 257.00   246.71 256.97    24.22  34.49   246.16 256.43   251.75 262.01   245.48 255.75
2020-08-10    38.15  14.50   246.73 257.01   246.70 256.99    24.22  34.50   246.16 256.44   251.75 262.03   245.48 255.76
2020-08-11    38.16  14.50   246.72 257.03   246.70 257.01    24.21  34.52   246.15 256.46   251.74 262.05   245.47 255.78
2020-08-12    38.16  14.51   246.72 257.05   246.69 257.02    24.20  34.54   246.15 256.48   251.73 262.07   245.47 255.80
2020-08-13    38.16  14.51   246.71 257.07   246.68 257.05    24.19  34.56   246.14 256.50   251.72 262.09   245.46 255.82
2020-08-14    38.16  14.51   246.69 257.09   246.67 257.07    24.18  34.58   246.12 256.52   251.71 262.11   245.44 255.84
2020-08-15    38.16  14.51   246.68 257.12   246.65 257.09    24.17  34.60   246.11 256.55   251.70 262.13   245.43 255.87
2020-08-16    38.16  14.51   246.67 257.14   246.64 257.11    24.15  34.63   246.10 256.57   251.68 262.16   245.42 255.89
2020-08-17    38.16  14.51   246.65 257.17   246.62 257.14    24.14  34.65   246.08 256.60   251.66 262.18   245.40 255.92
2020-08-18    38.16  14.51   246.63 257.19   246.60 257.17    24.12  34.68   246.06 256.62   251.65 262.21   245.38 255.94
2020-08-19    38.16  14.50   246.61 257.22   246.58 257.20    24.10  34.71   246.04 256.65   251.62 262.24   245.36 255.97
2020-08-20    38.15  14.50   246.59 257.25   246.56 257.23    24.07  34.74   246.02 256.68   251.60 262.27   245.34 256.00
2020-08-21    38.15  14.50   246.56 257.29   246.53 257.26    24.05  34.77   245.99 256.72   251.58 262.30   245.31 256.04
2020-08-22    38.14  14.50   246.53 257.32   246.51 257.29    24.02  34.81   245.96 256.75   251.55 262.34   245.28 256.07
2020-08-23    38.14  14.50   246.51 257.36   246.48 257.33    23.99  34.84   245.94 256.79   251.52 262.37   245.25 256.11
2020-08-24    38.13  14.50   246.47 257.39   246.45 257.37    23.96  34.88   245.90 256.82   251.49 262.41   245.22 256.14
2020-08-25    38.12  14.49   246.44 257.43   246.41 257.41    23.93  34.92   245.87 256.86   251.46 262.45   245.19 256.18
2020-08-26    38.12  14.49   246.41 257.48   246.38 257.45    23.89  34.96   245.84 256.91   251.42 262.49   245.15 256.22
2020-08-27    38.11  14.49   246.37 257.52   246.34 257.49    23.85  35.01   245.80 256.95   251.38 262.53   245.12 256.27
2020-08-28    38.10  14.48   246.33 257.57   246.30 257.54    23.81  35.05   245.76 257.00   251.34 262.58   245.08 256.31
2020-08-29    38.09  14.48   246.28 257.61   246.26 257.59    23.77  35.10   245.71 257.04   251.30 262.63   245.03 256.36
2020-08-30    38.07  14.48   246.24 257.66   246.21 257.64    23.73  35.15   245.67 257.09   251.25 262.68   244.99 256.41
2020-08-31    38.06  14.47   246.19 257.72   246.16 257.69    23.68  35.21   245.62 257.15   251.21 262.73   244.94 256.47
2020-09-01    38.05  14.47   246.14 257.77   246.11 257.75    23.63  35.26   245.57 257.20   251.16 262.79   244.89 256.52
2020-09-02    38.04  14.46   246.09 257.83   246.06 257.81    23.57  35.32   245.52 257.26   251.10 262.85   244.84 256.58
2020-09-03    38.02  14.46   246.03 257.89   246.00 257.87    23.52  35.38   245.46 257.32   251.05 262.91   244.78 256.64
2020-09-04    38.01  14.45   245.97 257.96   245.94 257.93    23.46  35.45   245.40 257.39   250.99 262.97   244.72 256.71
2020-09-05    37.99  14.45   245.91 258.03   245.88 258.00    23.40  35.51   245.34 257.46   250.92 263.04   244.66 256.78
2020-09-06    37.97  14.44   245.84 258.10   245.82 258.07    23.33  35.59   245.27 257.53   250.86 263.11   244.59 256.85
2020-09-07    37.95  14.44   245.77 258.17   245.75 258.15    23.26  35.66   245.20 257.60   250.79 263.19   244.52 256.92
2020-09-08    37.94  14.43   245.70 258.25   245.67 258.22    23.19  35.74   245.13 257.68   250.71 263.27   244.45 257.00
2020-09-09    37.92  14.43   245.62 258.33   245.60 258.31    23.11  35.82   245.05 257.76   250.64 263.35   244.37 257.08
2020-09-10    37.90  14.42   245.54 258.42   245.51 258.39    23.03  35.91   244.97 257.85   250.56 263.44   244.29 257.17
2020-09-11    37.88  14.41   245.46 258.51   245.43 258.48    22.94  36.00   244.89 257.94   250.47 263.53   244.21 257.26
2020-09-12    37.86  14.41   245.37 258.61   245.34 258.58    22.85  36.09   244.80 258.04   250.38 263.62   244.12 257.36
2020-09-13    37.83  14.40   245.27 258.71   245.25 258.68    22.76  36.19   244.70 258.14   250.29 263.72   244.02 257.46
2020-09-14    37.81  14.39   245.17 258.81   245.15 258.79    22.66  36.30   244.60 258.24   250.19 263.83   243.92 257.56
2020-09-15    37.79  14.39   245.07 258.92   245.04 258.90    22.56  36.41   244.50 258.35   250.08 263.94   243.82 257.67
2020-09-16    37.77  14.38   244.96 259.04   244.93 259.02    22.45  36.53   244.39 258.47   249.97 264.06   243.71 257.79
2020-09-17    37.74  14.37   244.84 259.17   244.82 259.14    22.33  36.65   244.27 258.60   249.86 264.18   243.59 257.91

2020-12-14    34.65  13.36    63.17  77.60    63.15  77.57   200.66 215.08    62.60  77.03    68.19  82.61    61.92  76.35
2020-12-15    34.63  13.35    63.31  77.48    63.28  77.45   200.80 214.96    62.74  76.91    68.32  82.49    62.06  76.23
2020-12-16    34.60  13.34    63.44  77.36    63.41  77.33   200.92 214.85    62.87  76.79    68.45  82.38    62.19  76.11
2020-12-17    34.58  13.33    63.56  77.25    63.53  77.23   201.05 214.74    62.99  76.68    68.57  82.27    62.31  76.00
2020-12-18    34.56  13.33    63.67  77.15    63.65  77.12   201.16 214.64    63.10  76.58    68.69  82.16    62.42  75.90
2020-12-19    34.54  13.32    63.78  77.05    63.76  77.03   201.27 214.54    63.21  76.48    68.80  82.07    62.53  75.80
2020-12-20    34.51  13.31    63.89  76.96    63.86  76.93   201.38 214.45    63.32  76.39    68.90  81.97    62.64  75.71
2020-12-21    34.49  13.31    63.99  76.87    63.96  76.85   201.48 214.36    63.42  76.30    69.00  81.89    62.74  75.62
2020-12-22    34.47  13.30    64.08  76.79    64.06  76.76   201.57 214.28    63.51  76.22    69.10  81.81    62.83  75.54
2020-12-23    34.45  13.29    64.17  76.71    64.15  76.69   201.66 214.20    63.60  76.14    69.19  81.73    62.92  75.46
2020-12-24    34.44  13.29    64.26  76.64    64.23  76.61   201.75 214.13    63.69  76.07    69.27  81.65    63.01  75.39
2020-12-25    34.42  13.28    64.34  76.57    64.32  76.54   201.83 214.06    63.77  76.00    69.36  81.58    63.09  75.32
2020-12-26    34.40  13.28    64.42  76.50    64.39  76.48   201.91 213.99    63.85  75.93    69.43  81.52    63.17  75.25
2020-12-27    34.39  13.27    64.49  76.44    64.47  76.41   201.98 213.93    63.92  75.87    69.51  81.46    63.24  75.19
2020-12-28    34.37  13.27    64.57  76.38    64.54  76.36   202.05 213.87    64.00  75.81    69.58  81.40    63.31  75.13
2020-12-29    34.36  13.26    64.63  76.33    64.61  76.30   202.12 213.81    64.06  75.76    69.65  81.34    63.38  75.08
2020-12-30    34.34  13.26    64.70  76.28    64.67  76.25   202.19 213.76    64.13  75.71    69.71  81.29    63.45  75.03
2020-12-31    34.33  13.25    64.76  76.23    64.73  76.20   202.25 213.71    64.19  75.66    69.77  81.24    63.51  74.98
2021-01-01    34.32  13.25    64.82  76.18    64.79  76.16   202.31 213.67    64.25  75.61    69.83  81.20    63.57  74.93
2021-01-02    34.31  13.25    64.87  76.14    64.85  76.11   202.36 213.63    64.30  75.57    69.89  81.15    63.62  74.89
2021-01-03    34.29  13.24    64.93  76.10    64.90  76.07   202.42 213.59    64.36  75.53    69.94  81.12    63.68  74.85
2021-01-04    34.29  13.24    64.98  76.06    64.95  76.04   202.47 213.55    64.41  75.49    70.00  81.08    63.73  74.81
2021-01-05    34.28  13.24    65.03  76.03    65.00  76.00   202.52 213.52    64.46  75.46    70.04  81.04    63.78  74.78
2021-01-06    34.27  13.24    65.08  76.00    65.05  75.97   202.56 213.49    64.51  75.43    70.09  81.01    63.82  74.75
2021-01-07    34.26  13.24    65.12  75.97    65.09  75.94   202.61 213.46    64.55  75.40    70.14  80.98    63.87  74.72
2021-01-08    34.26  13.23    65.16  75.94    65.14  75.92   202.65 213.43    64.59  75.37    70.18  80.96    63.91  74.69
2021-01-09    34.25  13.23    65.20  75.92    65.18  75.89   202.69 213.41    64.63  75.35    70.22  80.93    63.95  74.67
2021-01-10    34.25  13.23    65.24  75.90    65.22  75.87   202.73 213.38    64.67  75.33    70.26  80.91    63.99  74.65
2021-01-11    34.24  13.23    65.28  75.88    65.25  75.85   202.77 213.37    64.71  75.31    70.29  80.89    64.03  74.63
2021-01-12    34.24  13.23    65.31  75.86    65.29  75.83   202.80 213.35    64.74  75.29    70.33  80.88    64.06  74.61
2021-01-13    34.24  13.23    65.35  75.85    65.32  75.82   202.83 213.33    64.78  75.28    70.36  80.86    64.10  74.60
2021-01-14    34.24  13.23    65.38  75.83    65.35  75.81   202.87 213.32    64.81  75.26    70.39  80.85    64.13  74.58
2021-01-15    34.24  13.23    65.41  75.82    65.38  75.80   202.90 213.31    64.84  75.25    70.42  80.84    64.16  74.57
2021-01-16    34.24  13.23    65.44  75.81    65.41  75.79   202.92 213.30    64.87  75.24    70.45  80.83    64.19  74.56
2021-01-17    34.24  13.23    65.46  75.81    65.44  75.78   202.95 213.30    64.89  75.24    70.48  80.82    64.21  74.56
2021-01-18    34.24  13.23    65.49  75.80    65.46  75.78   202.98 213.29    64.92  75.23    70.51  80.82    64.24  74.55
2021-01-19    34.24  13.24    65.51  75.80    65.49  75.78   203.00 213.29    64.94  75.23    70.53  80.82    64.26  74.55
2021-01-20    34.25  13.24    65.54  75.80    65.51  75.78   203.02 213.29    64.97  75.23    70.55  80.82    64.29  74.55
2021-01-21    34.25  13.24    65.56  75.80    65.53  75.78   203.04 213.29    64.99  75.23    70.57  80.82    64.31  74.55
2021-01-22    34.26  13.24    65.58  75.81    65.55  75.78   203.06 213.30    65.01  75.24    70.59  80.82    64.33  74.56
2021-01-23    34.27  13.25    65.60  75.81    65.57  75.79   203.08 213.30    65.03  75.24    70.61  80.83    64.34  74.56
2021-01-24    34.27  13.25    65.61  75.82    65.59  75.79   203.10 213.31    65.04  75.25    70.63  80.84    64.36  74.57
2021-01-25    34.28  13.25    65.63  75.83    65.60  75.80   203.11 213.32    65.06  75.26    70.64  80.85    64.38  74.58
2021-01-26    34.29  13.26    65.64  75.84    65.62  75.82   203.13 213.33    65.07  75.27    70.66  80.86    64.39  74.59
2021-01-27    34.30  13.26    65.65  75.86    65.63  75.83   203.14 213.34    65.08  75.29    70.67  80.87    64.40  74.60
2021-01-28    34.31  13.27    65.67  75.87    65.64  75.84   203.15 213.36    65.10  75.30    70.68  80.89    64.42  74.62
2021-01-29    34.32  13.27    65.79  75.78    65.76  75.75   203.28 213.26    65.22  75.21    70.80  80.79    64.54  74.52
2021-01-30    34.34  13.28    66.44  75.16    66.41  75.13   203.92 212.64    65.87  74.59    71.45  80.17    65.18  73.91
2021-01-31    34.35  13.28    67.08  74.54    67.05  74.51   204.57 212.03    66.51  73.97    72.10  79.55    65.83  73.29

2021-08-02    42.05  15.76   249.03 256.65   249.00 256.63    26.52  34.14   248.46 256.08   254.05 261.67   247.78 255.40
2021-08-03    42.07  15.76   248.44 257.26   248.42 257.23    25.93  34.74   247.87 256.69   253.46 262.27   247.19 256.00
2021-08-04    42.08  15.76   247.86 257.86   247.83 257.83    25.34  35.35   247.29 257.29   252.87 262.87   246.60 256.61
2021-08-05    42.09  15.77   247.76 257.97   247.73 257.94    25.25  35.45   247.19 257.40   252.78 262.98   246.51 256.72
2021-08-06    42.11  15.77   247.77 257.97   247.74 257.94    25.26  35.46   247.20 257.40   252.79 262.99   246.52 256.72
2021-08-07    42.12  15.77   247.78 257.98   247.75 257.95    25.26  35.46   247.21 257.41   252.79 262.99   246.53 256.73
2021-08-08    42.13  15.78   247.78 257.98   247.76 257.96    25.27  35.47   247.21 257.41   252.80 263.00   246.53 256.73
2021-08-09    42.14  15.78   247.79 257.99   247.76 257.97    25.27  35.48   247.22 257.42   252.80 263.01   246.53 256.74
2021-08-10    42.14  15.78   247.79 258.00   247.76 257.97    25.27  35.49   247.22 257.43   252.80 263.02   246.54 256.75
2021-08-11    42.15  15.79   247.79 258.01   247.76 257.99    25.27  35.50   247.22 257.44   252.80 263.03   246.54 256.76
2021-08-12    42.16  15.79   247.79 258.02   247.76 258.00    25.27  35.51   247.22 257.45   252.80 263.04   246.53 256.77
2021-08-13    42.16  15.79   247.78 258.04   247.76 258.01    25.27  35.52   247.21 257.47   252.80 263.05   246.53 256.79
2021-08-14    42.17  15.79   247.78 258.05   247.75 258.02    25.26  35.54   247.21 257.48   252.79 263.07   246.53 256.80
2021-08-15    42.17  15.79   247.77 258.07   247.74 258.04    25.26  35.55   247.20 257.50   252.79 263.08   246.52 256.82
2021-08-16    42.18  15.79   247.76 258.08   247.74 258.06    25.25  35.57   247.19 257.51   252.78 263.10   246.51 256.83
2021-08-17    42.18  15.79   247.75 258.10   247.72 258.08    25.24  35.59   247.18 257.53   252.77 263.12   246.50 256.85
2021-08-18    42.18  15.79   247.74 258.12   247.71 258.10    25.23  35.61   247.17 257.55   252.75 263.14   246.49 256.87
2021-08-19    42.18  15.79   247.73 258.14   247.70 258.12    25.21  35.63   247.16 257.57   252.74 263.16   246.47 256.89
2021-08-20    42.18  15.79   247.71 258.17   247.68 258.14    25.20  35.65   247.14 257.60   252.73 263.18   246.46 256.91
2021-08-21    42.18  15.79   247.69 258.19   247.67 258.16    25.18  35.68   247.12 257.62   252.71 263.20   246.44 256.94
2021-08-22    42.18  15.79   247.67 258.21   247.65 258.19    25.16  35.70   247.10 257.64   252.69 263.23   246.42 256.96
2021-08-23    42.18  15.79   247.65 258.24   247.63 258.21    25.14  35.73   247.08 257.67   252.67 263.26   246.40 256.99
2021-08-24    42.18  15.79   247.63 258.27   247.60 258.24    25.12  35.76   247.06 257.70   252.64 263.29   246.38 257.02
2021-08-25    42.17  15.79   247.60 258.30   247.58 258.27    25.09  35.79   247.03 257.73   252.62 263.32   246.35 257.05
2021-08-26    42.17  15.79   247.58 258.33   247.55 258.31    25.06  35.82   247.01 257.76   252.59 263.35   246.33 257.08
2021-08-27    42.16  15.79   247.55 258.37   247.52 258.34    25.03  35.85   246.98 257.80   252.56 263.38   246.30 257.11
2021-08-28    42.15  15.79   247.52 258.40   247.49 258.37    25.00  35.89   246.95 257.83   252.53 263.42   246.27 257.15
2021-08-29    42.15  15.78   247.48 258.44   247.46 258.41    24.97  35.93   246.91 257.87   252.50 263.45   246.23 257.19
2021-08-30    42.14  15.78   247.45 258.48   247.42 258.45    24.93  35.97   246.88 257.91   252.46 263.49   246.20 257.23
2021-08-31    42.13  15.78   247.41 258.52   247.38 258.49    24.90  36.01   246.84 257.95   252.42 263.53   246.16 257.27
2021-09-01    42.12  15.78   247.37 258.56   247.34 258.54    24.86  36.05   246.80 257.99   252.38 263.58   246.12 257.31
2021-09-02    42.11  15.77   247.33 258.61   247.30 258.58    24.81  36.10   246.76 258.04   252.34 263.62   246.07 257.36
2021-09-03    42.10  15.77   247.28 258.66   247.25 258.63    24.77  36.14   246.71 258.09   252.30 263.67   246.03 257.41
2021-09-04    42.09  15.77   247.23 258.71   247.21 258.68    24.72  36.20   246.66 258.14   252.25 263.72   245.98 257.46
2021-09-05    42.07  15.76   247.18 258.76   247.15 258.73    24.67  36.25   246.61 258.19   252.20 263.78   245.93 257.51
2021-09-06    42.06  15.76   247.13 258.82   247.10 258.79    24.62  36.30   246.56 258.25   252.14 263.83   245.88 257.57
2021-09-07    42.05  15.75   247.07 258.88   247.04 258.85    24.56  36.36   246.50 258.31   252.09 263.89   245.82 257.62
2021-09-08    42.03  15.75   247.01 258.94   246.99 258.91    24.50  36.42   246.44 258.37   252.03 263.95   245.76 257.69
2021-09-09    42.02  15.74   246.95 259.00   246.92 258.98    24.44  36.49   246.38 258.43   251.96 264.02   245.70 257.75
2021-09-10    42.00  15.74   246.88 259.07   246.86 259.04    24.37  36.56   246.31 258.50   251.90 264.08   245.63 257.82
2021-09-11    41.98  15.73   246.81 259.14   246.79 259.11    24.30  36.63   246.24 258.57   251.83 264.16   245.56 257.89
2021-09-12    41.96  15.73   246.74 259.22   246.71 259.19    24.23  36.70   246.17 258.65   251.76 264.23   245.49 257.97
2021-09-13    41.94  15.72   246.66 259.29   246.64 259.27    24.15  36.78   246.09 258.72   251.68 264.31   245.41 258.04
2021-09-14    41.92  15.72   246.58 259.38   246.56 259.35    24.07  36.86   246.01 258.81   251.60 264.39   245.33 258.13
2021-09-15    41.90  15.71   246.50 259.46   246.47 259.44    23.99  36.95   245.93 258.89   251.51 264.48   245.25 258.21
2021-09-16    41.88  15.70   246.41 259.56   246.38 259.53    23.90  37.04   245.84 258.99   251.43 264.57   245.16 258.30
2021-09-17    41.86  15.70   246.32 259.65   246.29 259.63    23.80  37.14   245.75 259.08   251.33 264.67   245.07 258.40
2021-09-18    41.84  15.69   246.22 259.75   246.19 259.73    23.71  37.24   245.65 259.18   251.23 264.77   244.97 258.50
2021-09-19    41.82  15.68   246.11 259.86   246.09 259.83    23.60  37.35   245.54 259.29   251.13 264.88   244.86 258.61
2021-09-20    41.79  15.68   246.01 259.97   245.98 259.95    23.49  37.46   245.44 259.40   251.02 264.99   244.76 258.72
2021-09-21    41.77  15.67   245.89 260.09   245.86 260.06    23.38  37.58   245.32 259.52   250.91 265.11   244.64 258.84

2021-12-19    38.61  14.70    64.27  78.50    64.25  78.47   201.76 215.98    63.70  77.93    69.29  83.51    63.02  77.25
2021-12-20    38.58  14.69    64.40  78.38    64.38  78.35   201.89 215.87    63.83  77.81    69.42  83.39    63.15  77.13
2021-12-21    38.56  14.68    64.53  78.27    64.50  78.24   202.02 215.76    63.96  77.70    69.54  83.28    63.28  77.02
2021-12-22    38.53  14.68    64.64  78.16    64.62  78.14   202.13 215.65    64.07  77.59    69.66  83.18    63.39  76.91
2021-12-23    38.51  14.67    64.76  78.06    64.73  78.04   202.24 215.55    64.19  77.49    69.77  83.08    63.51  76.81
2021-12-24    38.49  14.66    64.86  77.97    64.84  77.94   202.35 215.46    64.29  77.40    69.88  82.99    63.61  76.72
2021-12-25    38.47  14.66    64.96  77.88    64.94  77.86   202.45 215.37    64.39  77.31    69.98  82.90    63.71  76.63
2021-12-26    38.45  14.65    65.06  77.80    65.03  77.77   202.55 215.29    64.49  77.23    70.07  82.81    63.81  76.55
2021-12-27    38.43  14.65    65.15  77.72    65.12  77.69   202.64 215.21    64.58  77.15    70.16  82.73    63.90  76.47
2021-12-28    38.41  14.64    65.24  77.64    65.21  77.62   202.72 215.13    64.67  77.07    70.25  82.66    63.99  76.39
2021-12-29    38.39  14.63    65.32  77.57    65.29  77.55   202.81 215.06    64.75  77.00    70.33  82.59    64.07  76.32
2021-12-30    38.37  14.63    65.40  77.51    65.37  77.48   202.89 214.99    64.83  76.94    70.41  82.52    64.15  76.26
2021-12-31    38.36  14.62    65.47  77.44    65.45  77.42   202.96 214.93    64.90  76.87    70.49  82.46    64.22  76.19
2022-01-01    38.34  14.62    65.55  77.39    65.52  77.36   203.03 214.87    64.98  76.82    70.56  82.40    64.29  76.13
2022-01-02    38.33  14.62    65.61  77.33    65.59  77.30   203.10 214.82    65.04  76.76    70.63  82.35    64.36  76.08
2022-01-03    38.31  14.61    65.68  77.28    65.65  77.25   203.17 214.77    65.11  76.71    70.70  82.29    64.43  76.03
2022-01-04    38.30  14.61    65.74  77.23    65.72  77.20   203.23 214.72    65.17  76.66    70.76  82.24    64.49  75.98
2022-01-05    38.29  14.60    65.80  77.18    65.78  77.16   203.29 214.67    65.23  76.61    70.82  82.20    64.55  75.93
2022-01-06    38.27  14.60    65.86  77.14    65.83  77.12   203.35 214.63    65.29  76.57    70.88  82.16    64.61  75.89
2022-01-07    38.26  14.60    65.92  77.10    65.89  77.08   203.40 214.59    65.35  76.53    70.93  82.12    64.66  75.85
2022-01-08    38.25  14.60    65.97  77.07    65.94  77.04   203.46 214.55    65.40  76.50    70.98  82.08    64.72  75.81
2022-01-09    38.24  14.59    66.02  77.03    65.99  77.01   203.51 214.52    65.45  76.46    71.03  82.05    64.77  75.78
2022-01-10    38.24  14.59    66.07  77.00    66.04  76.97   203.55 214.49    65.50  76.43    71.08  82.02    64.81  75.75
2022-01-11    38.23  14.59    66.11  76.97    66.08  76.95   203.60 214.46    65.54  76.40    71.13  81.99    64.86  75.72
2022-01-12    38.22  14.59    66.15  76.95    66.13  76.92   203.64 214.43    65.58  76.38    71.17  81.96    64.90  75.70
2022-01-13    38.22  14.59    66.20  76.92    66.17  76.90   203.68 214.41    65.63  76.35    71.21  81.94    64.95  75.67
2022-01-14    38.21  14.59    66.24  76.90    66.21  76.87   203.72 214.39    65.67  76.33    71.25  81.92    64.99  75.65
2022-01-15    38.21  14.58    66.27  76.88    66.25  76.86   203.76 214.37    65.70  76.31    71.29  81.90    65.02  75.63
2022-01-16    38.21  14.58    66.31  76.87    66.28  76.84   203.80 214.35    65.74  76.30    71.33  81.88    65.06  75.61
2022-01-17    38.20  14.58    66.34  76.85    66.32  76.82   203.83 214.34    65.77  76.28    71.36  81.87    65.09  75.60
2022-01-18    38.20  14.58    66.38  76.84    66.35  76.81   203.86 214.33    65.81  76.27    71.39  81.85    65.13  75.59
2022-01-19    38.20  14.59    66.41  76.83    66.38  76.80   203.90 214.32    65.84  76.26    71.42  81.84    65.16  75.58
2022-01-20    38.20  14.59    66.44  76.82    66.41  76.79   203.92 214.31    65.87  76.25    71.45  81.84    65.19  75.57
2022-01-21    38.20  14.59    66.47  76.82    66.44  76.79   203.95 214.30    65.90  76.25    71.48  81.83    65.21  75.56
2022-01-22    38.21  14.59    66.49  76.81    66.46  76.78   203.98 214.30    65.92  76.24    71.51  81.83    65.24  75.56
2022-01-23    38.21  14.59    66.52  76.81    66.49  76.78   204.00 214.30    65.95  76.24    71.53  81.82    65.27  75.56
2022-01-24    38.21  14.59    66.54  76.81    66.51  76.78   204.03 214.30    65.97  76.24    71.55  81.82    65.29  75.56
2022-01-25    38.22  14.59    66.56  76.81    66.53  76.78   204.05 214.30    65.99  76.24    71.58  81.83    65.31  75.56
2022-01-26    38.22  14.60    66.58  76.82    66.56  76.79   204.07 214.30    66.01  76.25    71.60  81.83    65.33  75.56
2022-01-27    38.23  14.60    66.60  76.82    66.57  76.79   204.09 214.31    66.03  76.25    71.62  81.84    65.35  75.57
2022-01-28    38.24  14.60    66.62  76.83    66.59  76.80   204.11 214.32    66.05  76.26    71.63  81.84    65.37  75.58
2022-01-29    38.25  14.61    66.63  76.84    66.61  76.81   204.12 214.33    66.06  76.27    71.65  81.85    65.38  75.59
2022-01-30    38.26  14.61    66.65  76.85    66.62  76.82   204.14 214.34    66.08  76.28    71.66  81.87    65.40  75.60
2022-01-31    38.27  14.61    66.66  76.86    66.64  76.84   204.15 214.35    66.09  76.29    71.68  81.88    65.41  75.61
2022-02-01    38.28  14.62    66.68  76.88    66.65  76.85   204.16 214.37    66.11  76.31    71.69  81.89    65.42  75.63
2022-02-02    38.29  14.62    66.69  76.90    66.66  76.87   204.17 214.38    66.12  76.33    71.70  81.91    65.44  75.64
2022-02-03    38.30  14.63    67.30  76.31    67.28  76.28   204.79 213.79    66.73  75.74    72.32  81.32    66.05  75.06
2022-02-04    38.31  14.63    67.95  75.69    67.92  75.66   205.43 213.18    67.38  75.12    72.96  80.71    66.70  74.44

2022-08-06    46.14  16.98   250.47 257.51   250.45 257.49    27.96  35.00   249.90 256.94   255.49 262.53   249.22 256.26
2022-08-07    46.15  16.98   249.89 258.11   249.86 258.09    27.37  35.60   249.32 257.54   254.90 263.13   248.64 256.86
2022-08-08    46.17  16.98   249.30 258.71   249.27 258.69    26.79  36.20   248.73 258.14   254.31 263.73   248.05 257.46
2022-08-09    46.18  16.99   248.91 259.12   248.88 259.09    26.40  36.60   248.34 258.55   253.92 264.13   247.66 257.87
2022-08-10    46.19  16.99   248.92 259.12   248.89 259.09    26.40  36.61   248.35 258.55   253.93 264.13   247.67 257.87
2022-08-11    46.21  16.99   248.92 259.12   248.90 259.10    26.41  36.61   248.35 258.55   253.94 264.14   247.67 257.87
2022-08-12    46.22  17.00   248.93 259.13   248.90 259.10    26.42  36.62   248.36 258.56   253.94 264.14   247.68 257.88
2022-08-13    46.23  17.00   248.93 259.14   248.91 259.11    26.42  36.62   248.36 258.57   253.95 264.15   247.68 257.88
2022-08-14    46.24  17.00   248.93 259.14   248.91 259.12    26.42  36.63   248.36 258.57   253.95 264.16   247.68 257.89
2022-08-15    46.24  17.00   248.93 259.15   248.91 259.13    26.42  36.64   248.36 258.58   253.95 264.17   247.68 257.90
2022-08-16    46.25  17.01   248.93 259.16   248.90 259.14    26.42  36.65   248.36 258.59   253.95 264.18   247.68 257.91
2022-08-17    46.26  17.01   248.93 259.17   248.90 259.15    26.42  36.66   248.36 258.60   253.94 264.19   247.68 257.92
2022-08-18    46.26  17.01   248.92 259.19   248.90 259.16    26.41  36.67   248.35 258.62   253.94 264.20   247.67 257.94
2022-08-19    46.27  17.01   248.92 259.20   248.89 259.17    26.40  36.69   248.35 258.63   253.93 264.22   247.67 257.95
2022-08-20    46.27  17.01   248.91 259.22   248.88 259.19    26.40  36.70   248.34 258.65   253.92 264.23   247.66 257.97
2022-08-21    46.27  17.01   248.90 259.23   248.87 259.21    26.38  36.72   248.33 258.66   253.91 264.25   247.65 257.98
2022-08-22    46.28  17.01   248.89 259.25   248.86 259.22    26.37  36.74   248.32 258.68   253.90 264.27   247.63 258.00
2022-08-23    46.28  17.01   248.87 259.27   248.85 259.24    26.36  36.76   248.30 258.70   253.89 264.29   247.62 258.02
2022-08-24    46.28  17.01   248.86 259.29   248.83 259.26    26.34  36.78   248.29 258.72   253.87 264.31   247.61 258.04
2022-08-25    46.28  17.01   248.84 259.31   248.81 259.29    26.33  36.80   248.27 258.74   253.85 264.33   247.59 258.06
2022-08-26    46.28  17.01   248.82 259.34   248.79 259.31    26.31  36.82   248.25 258.77   253.83 264.35   247.57 258.09
2022-08-27    46.28  17.01   248.80 259.36   248.77 259.34    26.29  36.85   248.23 258.79   253.81 264.38   247.55 258.11
2022-08-28    46.27  17.01   248.78 259.39   248.75 259.36    26.26  36.88   248.21 258.82   253.79 264.40   247.52 258.14
2022-08-29    46.27  17.01   248.75 259.42   248.72 259.39    26.24  36.90   248.18 258.85   253.77 264.43   247.50 258.17
2022-08-30    46.27  17.01   248.72 259.45   248.70 259.42    26.21  36.93   248.15 258.88   253.74 264.46   247.47 258.20
2022-08-31    46.26  17.01   248.69 259.48   248.67 259.45    26.18  36.97   248.12 258.91   253.71 264.49   247.44 258.23
2022-09-01    46.25  17.01   248.66 259.51   248.64 259.49    26.15  37.00   248.09 258.94   253.68 264.53   247.41 258.26
2022-09-02    46.25  17.01   248.63 259.55   248.60 259.52    26.12  37.03   248.06 258.98   253.64 264.56   247.38 258.30
2022-09-03    46.24  17.00   248.59 259.58   248.57 259.56    26.08  37.07   248.02 259.01   253.61 264.60   247.34 258.33
2022-09-04    46.23  17.00   248.56 259.62   248.53 259.60    26.04  37.11   247.99 259.05   253.57 264.64   247.31 258.37
2022-09-05    46.22  17.00   248.52 259.67   248.49 259.64    26.00  37.15   247.95 259.10   253.53 264.68   247.27 258.41
2022-09-06    46.21  17.00   248.47 259.71   248.45 259.68    25.96  37.20   247.90 259.14   253.49 264.72   247.22 258.46
2022-09-07    46.20  16.99   248.43 259.75   248.40 259.73    25.92  37.24   247.86 259.18   253.44 264.77   247.18 258.50
2022-09-08    46.19  16.99   248.38 259.80   248.35 259.78    25.87  37.29   247.81 259.23   253.40 264.82   247.13 258.55
2022-09-09    46.18  16.99   248.33 259.85   248.30 259.83    25.82  37.34   247.76 259.28   253.35 264.87   247.08 258.60
2022-09-10    46.16  16.98   248.28 259.91   248.25 259.88    25.76  37.39   247.71 259.34   253.29 264.92   247.03 258.66
2022-09-11    46.15  16.98   248.22 259.96   248.19 259.94    25.71  37.45   247.65 259.39   253.24 264.98   246.97 258.71
2022-09-12    46.13  16.97   248.16 260.02   248.14 259.99    25.65  37.51   247.59 259.45   253.18 265.04   246.91 258.77
2022-09-13    46.12  16.97   248.10 260.08   248.07 260.06    25.59  37.57   247.53 259.51   253.12 265.10   246.85 258.83
2022-09-14    46.10  16.97   248.04 260.15   248.01 260.12    25.52  37.64   247.47 259.58   253.05 265.16   246.78 258.90
2022-09-15    46.08  16.96   247.97 260.22   247.94 260.19    25.45  37.70   247.40 259.65   252.98 265.23   246.72 258.97
2022-09-16    46.07  16.96   247.89 260.29   247.87 260.26    25.38  37.78   247.32 259.72   252.91 265.30   246.64 259.04
2022-09-17    46.05  16.95   247.82 260.36   247.79 260.34    25.31  37.85   247.25 259.79   252.83 265.38   246.57 259.11
2022-09-18    46.03  16.95   247.74 260.44   247.71 260.42    25.23  37.93   247.17 259.87   252.75 265.46   246.49 259.19
2022-09-19    46.01  16.94   247.66 260.53   247.63 260.50    25.14  38.01   247.09 259.96   252.67 265.54   246.40 259.28
2022-09-20    45.99  16.93   247.57 260.61   247.54 260.59    25.05  38.10   247.00 260.04   252.58 265.63   246.32 259.36
2022-09-21    45.97  16.93   247.47 260.71   247.45 260.68    24.96  38.19   246.90 260.14   252.49 265.72   246.22 259.46
2022-09-22    45.94  16.92   247.38 260.80   247.35 260.78    24.86  38.29   246.81 260.23   252.39 265.82   246.13 259.55
2022-09-23    45.92  16.92   247.28 260.91   247.25 260.88    24.76  38.39   246.71 260.34   252.29 265.92   246.02 259.65
2022-09-24    45.90  16.91   247.17 261.01   247.14 260.99    24.66  38.50   246.60 260.44   252.18 266.03   245.92 259.76
2022-09-25    45.87  16.90   247.05 261.13   247.03 261.10    24.54  38.62   246.48 260.56   252.07 266.14   245.80 259.88
2022-09-26    45.85  16.90   246.94 261.25   246.91 261.22    24.42  38.74   246.37 260.68   251.95 266.26   245.68 260.00

2022-12-23    42.66  15.99    65.36  79.63    65.33  79.61   202.85 217.12    64.79  79.06    70.37  84.65    64.11  78.38
2022-12-24    42.63  15.98    65.49  79.52    65.46  79.49   202.98 217.00    64.92  78.95    70.51  84.53    64.24  78.26
2022-12-25    42.61  15.97    65.62  79.40    65.59  79.38   203.10 216.89    65.05  78.83    70.63  84.42    64.36  78.15
2022-12-26    42.58  15.97    65.73  79.30    65.71  79.27   203.22 216.78    65.16  78.73    70.75  84.31    64.48  78.05
2022-12-27    42.56  15.96    65.85  79.20    65.82  79.17   203.33 216.68    65.28  78.63    70.86  84.21    64.60  77.95
2022-12-28    42.54  15.95    65.95  79.10    65.93  79.07   203.44 216.59    65.38  78.53    70.97  84.12    64.70  77.85
2022-12-29    42.52  15.95    66.06  79.01    66.03  78.99   203.54 216.50    65.49  78.44    71.07  84.03    64.80  77.76
2022-12-30    42.49  15.94    66.15  78.93    66.13  78.90   203.64 216.41    65.58  78.36    71.17  83.94    64.90  77.68
2022-12-31    42.47  15.94    66.25  78.85    66.22  78.82   203.73 216.33    65.68  78.28    71.26  83.86    64.99  77.60
2023-01-01    42.45  15.93    66.33  78.77    66.31  78.75   203.82 216.26    65.76  78.20    71.35  83.79    65.08  77.52
2023-01-02    42.44  15.93    66.42  78.70    66.39  78.67   203.91 216.19    65.85  78.13    71.43  83.72    65.17  77.45
2023-01-03    42.42  15.92    66.50  78.63    66.47  78.61   203.99 216.12    65.93  78.06    71.51  83.65    65.25  77.38
2023-01-04    42.40  15.92    66.57  78.57    66.55  78.54   204.06 216.06    66.00  78.00    71.59  83.59    65.32  77.32
2023-01-05    42.39  15.91    66.65  78.51    66.62  78.49   204.14 216.00    66.08  77.94    71.66  83.53    65.40  77.26
2023-01-06    42.37  15.91    66.72  78.46    66.69  78.43   204.21 215.94    66.15  77.89    71.73  83.47    65.47  77.21
2023-01-07    42.36  15.90    66.78  78.40    66.76  78.38   204.27 215.89    66.21  77.83    71.80  83.42    65.53  77.15
2023-01-08    42.34  15.90    66.85  78.36    66.82  78.33   204.34 215.84    66.28  77.79    71.86  83.37    65.60  77.11
2023-01-09    42.33  15.90    66.91  78.31    66.88  78.28   204.40 215.80    66.34  77.74    71.92  83.33    65.66  77.06
2023-01-10    42.32  15.89    66.97  78.27    66.94  78.24   204.46 215.76    66.40  77.70    71.98  83.28    65.72  77.02
2023-01-11    42.31  15.89    67.02  78.23    67.00  78.20   204.51 215.72    66.45  77.66    72.04  83.24    65.77  76.98
2023-01-12    42.30  15.89    67.08  78.19    67.05  78.17   204.56 215.68    66.51  77.62    72.09  83.21    65.83  76.94
2023-01-13    42.29  15.89    67.13  78.16    67.10  78.13   204.62 215.65    66.56  77.59    72.14  83.17    65.88  76.91
2023-01-14    42.28  15.88    67.18  78.13    67.15  78.10   204.66 215.61    66.61  77.56    72.19  83.14    65.93  76.88
2023-01-15    42.27  15.88    67.22  78.10    67.20  78.07   204.71 215.59    66.65  77.53    72.24  83.11    65.97  76.85
2023-01-16    42.26  15.88    67.27  78.07    67.24  78.05   204.75 215.56    66.70  77.50    72.28  83.09    66.02  76.82
2023-01-17    42.26  15.88    67.31  78.05    67.28  78.02   204.80 215.54    66.74  77.48    72.33  83.06    66.06  76.80
2023-01-18    42.25  15.88    67.35  78.03    67.32  78.00   204.84 215.51    66.78  77.46    72.37  83.04    66.10  76.78
2023-01-19    42.25  15.88    67.39  78.01    67.36  77.98   204.88 215.50    66.82  77.44    72.40  83.02    66.14  76.76
2023-01-20    42.24  15.88    67.43  77.99    67.40  77.96   204.91 215.48    66.86  77.42    72.44  83.01    66.17  76.74
2023-01-21    42.24  15.88    67.46  77.98    67.43  77.95   204.95 215.46    66.89  77.41    72.48  82.99    66.21  76.73
2023-01-22    42.24  15.88    67.49  77.96    67.47  77.94   204.98 215.45    66.92  77.39    72.51  82.98    66.24  76.71
2023-01-23    42.24  15.88    67.52  77.95    67.50  77.93   205.01 215.44    66.95  77.38    72.54  82.97    66.27  76.70
2023-01-24    42.24  15.88    67.55  77.95    67.53  77.92   205.04 215.43    66.98  77.38    72.57  82.96    66.30  76.70
2023-01-25    42.24  15.88    67.58  77.94    67.56  77.91   205.07 215.43    67.01  77.37    72.60  82.95    66.33  76.69
2023-01-26    42.24  15.88    67.61  77.94    67.58  77.91   205.10 215.42    67.04  77.37    72.62  82.95    66.36  76.68
2023-01-27    42.25  15.88    67.63  77.93    67.61  77.91   205.12 215.42    67.06  77.36    72.65  82.95    66.38  76.68
2023-01-28    42.25  15.89    67.66  77.93    67.63  77.91   205.15 215.42    67.09  77.36    72.67  82.95    66.41  76.68
2023-01-29    42.25  15.89    67.68  77.93    67.65  77.91   205.17 215.42    67.11  77.36    72.70  82.95    66.43  76.68
2023-01-30    42.26  15.89    67.70  77.94    67.67  77.91   205.19 215.43    67.13  77.37    72.72  82.95    66.45  76.69
2023-01-31    42.27  15.89    67.72  77.94    67.69  77.92   205.21 215.43    67.15  77.37    72.74  82.96    66.47  76.69
2023-02-01    42.27  15.90    67.74  77.95    67.71  77.92   205.23 215.44    67.17  77.38    72.75  82.97    66.49  76.70
2023-02-02    42.28  15.90    67.75  77.96    67.73  77.93   205.24 215.45    67.18  77.39    72.77  82.97    66.50  76.71
2023-02-03    42.29  15.90    67.77  77.97    67.74  77.94   205.26 215.46    67.20  77.40    72.78  82.99    66.52  76.72
2023-02-04    42.30  15.91    67.78  77.98    67.76  77.96   205.27 215.47    67.21  77.41    72.80  83.00    66.53  76.73
2023-02-05    42.31  15.91    67.80  78.00    67.77  77.97   205.28 215.49    67.23  77.43    72.81  83.01    66.54  76.75
2023-02-06    42.32  15.91    67.81  78.01    67.78  77.99   205.29 215.50    67.24  77.44    72.82  83.03    66.56  76.76
2023-02-07    42.34  15.92    68.25  77.60    68.22  77.57   205.74 215.09    67.68  77.03    73.27  82.61    67.00  76.35
2023-02-08    42.35  15.92    68.89  76.99    68.86  76.96   206.38 214.47    68.32  76.42    73.91  82.00    67.64  75.73
2023-02-09    42.36  15.93    69.53  76.37    69.50  76.35   207.02 213.86    68.96  75.80    74.55  81.39    68.28  75.12

2023-08-11    50.32  18.12   251.46 259.03   251.44 259.01    28.95  36.52   250.89 258.46   256.48 264.05   250.21 257.78
2023-08-12    50.33  18.13   250.88 259.63   250.85 259.60    28.36  37.12   250.31 259.06   255.89 264.65   249.62 258.38
2023-08-13    50.35  18.13   250.29 260.23   250.26 260.20    27.78  37.72   249.72 259.66   255.30 265.25   249.04 258.98
2023-08-14    50.36  18.14   250.16 260.37   250.14 260.34    27.65  37.85   249.59 259.80   255.18 265.38   248.91 259.12
2023-08-15    50.37  18.14   250.17 260.37   250.14 260.34    27.66  37.86   249.60 259.80   255.18 265.38   248.92 259.12
2023-08-16    50.38  18.14   250.17 260.37   250.15 260.35    27.66  37.86   249.60 259.80   255.19 265.39   248.92 259.12
2023-08-17    50.40  18.14   250.18 260.38   250.15 260.35    27.66  37.87   249.61 259.81   255.19 265.39   248.93 259.13
2023-08-18    50.40  18.15   250.18 260.39   250.15 260.36    27.67  37.87   249.61 259.82   255.19 265.40   248.93 259.14
2023-08-19    50.41  18.15   250.18 260.39   250.15 260.37    27.67  37.88   249.61 259.82   255.19 265.41   248.93 259.14
2023-08-20    50.42  18.15   250.18 260.40   250.15 260.38    27.67  37.89   249.61 259.83   255.19 265.42   248.93 259.15
2023-08-21    50.43  18.15   250.18 260.41   250.15 260.39    27.66  37.90   249.61 259.84   255.19 265.43   248.92 259.16
2023-08-22    50.43  18.15   250.17 260.42   250.14 260.40    27.66  37.91   249.60 259.85   255.19 265.44   248.92 259.17
2023-08-23    50.44  18.16   250.16 260.44   250.14 260.41    27.65  37.92   249.59 259.87   255.18 265.45   248.91 259.19
2023-08-24    50.44  18.16   250.16 260.45   250.13 260.42    27.64  37.94   249.59 259.88   255.17 265.47   248.91 259.20
2023-08-25    50.45  18.16   250.15 260.47   250.12 260.44    27.63  37.95   249.58 259.90   255.16 265.48   248.90 259.22
2023-08-26    50.45  18.16   250.13 260.48   250.11 260.46    27.62  37.97   249.56 259.91   255.15 265.50   248.88 259.23
2023-08-27    50.45  18.16   250.12 260.50   250.09 260.47    27.61  37.99   249.55 259.93   255.14 265.52   248.87 259.25
2023-08-28    50.45  18.16   250.11 260.52   250.08 260.49    27.59  38.01   249.54 259.95   255.12 265.53   248.86 259.27
2023-08-29    50.45  18.16   250.09 260.54   250.06 260.51    27.58  38.03   249.52 259.97   255.10 265.56   248.84 259.29
2023-08-30    50.45  18.16   250.07 260.56   250.04 260.54    27.56  38.05   249.50 259.99   255.09 265.58   248.82 259.31
2023-08-31    50.45  18.16   250.05 260.59   250.02 260.56    27.54  38.07   249.48 260.02   255.07 265.60   248.80 259.34
2023-09-01    50.45  18.16   250.03 260.61   250.00 260.58    27.51  38.10   249.46 260.04   255.04 265.63   248.78 259.36
2023-09-02    50.45  18.16   250.00 260.64   249.98 260.61    27.49  38.13   249.43 260.07   255.02 265.65   248.75 259.39
2023-09-03    50.44  18.16   249.98 260.67   249.95 260.64    27.46  38.15   249.41 260.10   254.99 265.68   248.73 259.42
2023-09-04    50.44  18.16   249.95 260.70   249.92 260.67    27.44  38.18   249.38 260.13   254.96 265.71   248.70 259.45
2023-09-05    50.43  18.15   249.92 260.73   249.89 260.70    27.40  38.22   249.35 260.16   254.93 265.74   248.67 259.48
2023-09-06    50.43  18.15   249.88 260.76   249.86 260.73    27.37  38.25   249.31 260.19   254.90 265.78   248.63 259.51
2023-09-07    50.42  18.15   249.85 260.80   249.82 260.77    27.34  38.28   249.28 260.23   254.86 265.81   248.60 259.55
2023-09-08    50.41  18.15   249.81 260.83   249.79 260.81    27.30  38.32   249.24 260.26   254.83 265.85   248.56 259.58
2023-09-09    50.40  18.15   249.77 260.87   249.75 260.85    27.26  38.36   249.20 260.30   254.79 265.89   248.52 259.62
2023-09-10    50.39  18.14   249.73 260.92   249.70 260.89    27.22  38.40   249.16 260.35   254.75 265.93   248.48 259.66
2023-09-11    50.38  18.14   249.69 260.96   249.66 260.93    27.17  38.45   249.12 260.39   254.70 265.97   248.44 259.71
2023-09-12    50.37  18.14   249.64 261.00   249.61 260.98    27.13  38.49   249.07 260.43   254.66 266.02   248.39 259.75
2023-09-13    50.36  18.14   249.59 261.05   249.56 261.03    27.08  38.54   249.02 260.48   254.61 266.07   248.34 259.80
2023-09-14    50.34  18.13   249.54 261.10   249.51 261.08    27.03  38.59   248.97 260.53   254.55 266.12   248.29 259.85
2023-09-15    50.33  18.13   249.48 261.16   249.46 261.13    26.97  38.65   248.91 260.59   254.50 266.17   248.23 259.91
2023-09-16    50.32  18.13   249.43 261.21   249.40 261.19    26.91  38.70   248.86 260.64   254.44 266.23   248.17 259.96
2023-09-17    50.30  18.12   249.36 261.27   249.34 261.25    26.85  38.76   248.79 260.70   254.38 266.29   248.11 260.02
2023-09-18    50.28  18.12   249.30 261.34   249.27 261.31    26.79  38.82   248.73 260.77   254.32 266.35   248.05 260.08
2023-09-19    50.27  18.11   249.23 261.40   249.21 261.37    26.72  38.89   248.66 260.83   254.25 266.42   247.98 260.15
2023-09-20    50.25  18.11   249.16 261.47   249.13 261.44    26.65  38.96   248.59 260.90   254.18 266.48   247.91 260.22
2023-09-21    50.23  18.10   249.09 261.54   249.06 261.52    26.57  39.03   248.52 260.97   254.10 266.56   247.84 260.29
2023-09-22    50.21  18.10   249.01 261.62   248.98 261.59    26.50  39.11   248.44 261.05   254.02 266.63   247.76 260.37
2023-09-23    50.19  18.09   248.93 261.70   248.90 261.67    26.41  39.19   248.36 261.13   253.94 266.71   247.68 260.45
2023-09-24    50.17  18.09   248.84 261.78   248.81 261.76    26.33  39.27   248.27 261.21   253.85 266.80   247.59 260.53
2023-09-25    50.15  18.08   248.75 261.87   248.72 261.84    26.24  39.36   248.18 261.30   253.76 266.89   247.50 260.62
2023-09-26    50.13  18.08   248.65 261.96   248.63 261.94    26.14  39.45   248.08 261.39   253.67 266.98   247.40 260.71
2023-09-27    50.10  18.07   248.55 262.06   248.53 262.04    26.04  39.55   247.98 261.49   253.57 267.08   247.30 260.81
2023-09-28    50.08  18.07   248.45 262.17   248.42 262.14    25.93  39.65   247.88 261.60   253.46 267.18   247.20 260.92
2023-09-29    50.05  18.06   248.34 262.28   248.31 262.25    25.82  39.76   247.77 261.71   253.35 267.29   247.08 261.03
2023-09-30    50.03  18.05   248.22 262.39   248.19 262.37    25.71  39.88   247.65 261.82   253.23 267.41   246.97 261.14
2023-10-01    50.00  18.05   248.10 262.52   248.07 262.49    25.58  40.00   247.53 261.95   253.11 267.53   246.84 261.26

2023-12-27    46.78  17.21    66.57  80.90    66.54  80.87   204.06 218.39    66.00  80.33    71.58  85.91    65.32  79.65
2023-12-28    46.76  17.20    66.70  80.78    66.67  80.75   204.19 218.27    66.13  80.21    71.72  85.79    65.45  79.53
2023-12-29    46.73  17.19    66.83  80.66    66.80  80.64   204.32 218.15    66.26  80.09    71.84  85.68    65.58  79.41
2023-12-30    46.71  17.19    66.95  80.56    66.92  80.53   204.44 218.04    66.38  79.99    71.96  85.57    65.70  79.31
